   2052.82	   5.31353	   2052.82	   5.06579
   2046.83	    6.3591	   2046.83	   6.10096
   2066.94	   7.32047	   2066.94	   6.84409
   2102.25	   7.00303	   2102.25	   6.74698
   2088.64	   6.89875	   2088.64	   6.75839
   2041.55	   6.98142	   2041.55	     6.747
   2051.62	   6.44847	   2051.62	   6.22008
   2106.05	   5.09586	   2106.05	    4.6696
   2110.11	   5.03733	   2110.11	   5.00726
   2119.52	   5.35836	   2119.52	   5.11484
    2135.9	   5.25815	    2135.9	   5.07407
   2137.34	   5.66947	   2137.34	   5.35101
   2099.74	     6.252	   2099.74	   5.48623
   2105.76	   5.58754	   2105.76	   5.26318
   2119.48	   5.78755	   2119.48	   5.53387
   2125.79	   5.43353	   2125.79	       5.1
   2122.38	   5.53279	   2122.38	   5.14336
   2084.57	   5.16594	   2084.57	   4.74526
   2145.61	   5.83621	   2145.61	   5.58547
   2084.22	   5.77584	   2084.22	   5.37301
   2108.88	   5.25056	   2108.88	   5.19079
   2115.15	   5.59198	   2115.15	   5.47767
   2145.43	   5.63185	   2145.43	   5.51923
   2101.85	   5.66918	   2101.85	   5.16615
   2131.87	   5.83391	   2131.87	   5.37727
   2173.01	   4.91791	   2173.01	    4.9219
   2098.51	   6.09131	   2098.51	   5.62607
   2136.66	   5.79454	   2136.66	   5.39463
   2079.28	   5.68158	   2079.28	   5.48078
   2140.82	    5.6323	   2140.82	   5.54862
   2164.59	   5.97617	   2164.59	   5.50308
   2112.11	   5.69826	   2112.11	   5.46969
    2144.8	   5.67076	    2144.8	   5.44198
   2115.15	   6.03194	   2115.15	   5.84415
   2111.47	   5.23258	   2111.47	   5.23448
   2118.26	   5.70767	   2118.26	   5.30067
   2138.36	   5.89777	   2138.36	   5.59235
   2154.85	   6.21252	   2154.85	   5.97783
   2136.33	   6.02623	   2136.33	   5.52759
   2150.64	   5.67058	   2150.64	   5.38253
    2136.2	   6.23492	    2136.2	   5.55533
   2133.43	   6.10125	   2133.43	   5.66625
   2161.13	   5.92239	   2161.13	   5.44453
   2115.29	   5.42221	   2115.29	   5.57042
   2135.35	    6.0861	   2135.35	   5.59277
   2117.65	   5.99165	   2117.65	   5.60529
   2131.14	   6.32588	   2131.14	   6.04195
    2119.8	   6.79652	    2119.8	    6.4336
   2149.46	     6.092	   2149.46	   5.76932
   2119.34	   5.77311	   2119.34	    5.3711
   2107.02	   5.86315	   2107.02	   5.69784
   2135.37	   6.06175	   2135.37	   5.73698
   2094.26	   5.75677	   2094.26	    5.1382
   2144.59	   6.02592	   2144.59	   5.81113
   2099.53	   6.22024	   2099.53	   6.19565
   2156.69	   6.37587	   2156.69	   6.12125
   2088.02	   6.51551	   2088.02	   6.05603
   2139.25	   6.26084	   2139.25	   5.94706
   2086.47	   5.72028	   2086.47	   5.66484
   2149.31	   5.87375	   2149.31	   5.79378
   2126.64	   6.39789	   2126.64	   5.70928
   2071.42	   6.19188	   2071.42	    5.8726
   2094.63	   6.17723	   2094.63	   5.77484
   2079.42	   5.69774	   2079.42	   5.64189
   2103.63	   6.29797	   2103.63	    6.1704
   2072.35	   6.21531	   2072.35	   5.86999
   2111.04	   5.97766	   2111.03	    5.5613
   2122.96	   7.13219	   2122.96	   6.61939
   2131.47	   5.82817	   2131.47	   5.24991
    2122.6	   6.68037	    2122.6	   6.25967
   2145.27	   6.10827	   2145.27	   5.73053
   2139.11	     5.484	   2139.11	    5.3681
   2078.14	   5.70477	   2078.14	   5.73371
   2097.88	   5.46947	   2097.88	   5.19964
   2091.11	   6.19068	   2091.11	   5.61999
   2112.38	   5.77107	   2112.38	   5.71683
   2099.06	   6.06509	   2099.06	   5.68321
    2103.9	   6.26957	    2103.9	   5.95531
   2123.39	    6.0144	   2123.39	   5.77081
   2084.47	   6.23316	   2084.47	   6.05082
   2139.98	   6.04835	   2139.98	   5.66647
   2132.84	   6.23004	   2132.84	     5.749
   2117.85	   5.91033	   2117.85	   5.66211
   2105.77	   6.14638	   2105.77	   5.77006
   2109.74	   5.81582	   2109.74	   5.50504
    2076.8	   5.87275	    2076.8	   5.70689
   2072.76	   5.81624	   2072.76	   5.53356
    2105.3	   5.79096	    2105.3	     5.566
   2066.11	   5.94015	   2066.11	   5.31184
   2078.17	    6.1483	   2078.17	   5.77136
   2043.79	   6.31149	   2043.79	   6.07775
   2110.92	   5.87725	   2110.92	   5.79629
   2119.87	   5.79577	   2119.87	   5.36558
   2098.67	   5.88746	   2098.67	   5.34486
   2100.76	   6.31717	   2100.76	   6.21585
   2051.31	   5.86631	   2051.31	    5.7277
   2068.04	     6.537	   2068.03	   5.99875
   2059.35	   6.22972	   2059.35	      5.83
    2056.3	   5.97419	    2056.3	   5.78294
   2082.93	   5.26867	   2082.93	   4.98752
   2083.86	   5.99008	   2083.86	   5.80009
   2074.94	   6.52489	   2074.94	   6.06579
   2088.51	   5.82997	   2088.51	   5.37173
    2080.6	   5.49446	    2080.6	   5.25609
   2072.47	   6.43035	   2072.47	   6.04425
   2095.88	   6.26272	   2095.88	    5.6141
   2076.17	   5.51024	   2076.17	   5.48179
   2127.75	   6.78897	   2127.75	   6.37557
    2077.2	   7.82836	    2077.2	   7.62078
    2050.3	   6.33032	    2050.3	   6.20206
   2078.59	   5.69494	   2078.59	   5.83523
    2077.1	   5.91446	    2077.1	   5.80547
   2073.58	   6.04861	   2073.58	   6.02263
    2124.8	   5.87275	    2124.8	   5.41919
   2076.08	   5.86912	   2076.08	   5.58921
   2104.78	   5.95026	   2104.78	    5.5895
   2073.65	   6.01647	   2073.65	   5.85459
   2095.31	   6.19949	   2095.31	   5.77086
   2063.41	   6.52602	   2063.41	   6.11949
   2095.19	   6.18481	   2095.19	    5.4094
   2044.82	   6.22626	   2044.82	    5.7425
   2059.13	   5.99564	   2059.13	   5.88768
   2058.09	   5.94047	   2058.09	   5.85897
    2086.3	   5.80353	    2086.3	    5.6359
   2084.74	   5.86701	   2084.74	   6.00344
   2066.28	   5.93126	   2066.28	   5.48087
   2089.02	    6.3984	   2089.01	    5.6522
   2086.94	   6.10889	   2086.94	    6.1623
   1949.58	   6.43693	   1949.58	   5.91624
   1968.27	   6.53454	   1968.27	   5.96866
   1959.95	   8.04497	   1959.95	   7.78079
   1948.93	   8.72648	   1948.93	   8.34981
    1934.7	   6.61919	    1934.7	   6.03462
    1942.4	    6.3723	    1942.4	   5.92781
   1982.69	   6.04684	   1982.69	   5.63384
   1967.07	   6.84796	   1967.07	   6.48617
   1962.02	   6.53553	   1962.02	   6.10294
    1947.5	   7.88063	    1947.5	   7.24265
   1911.48	   6.81511	   1911.48	   6.55042
   1910.28	   6.80555	   1910.28	   6.13451
   1960.78	   6.62236	   1960.78	   6.09113
   1931.84	   6.47021	   1931.84	   6.19079
   1891.58	   5.50075	   1891.58	   5.10178
   1935.56	   6.69549	   1935.56	   6.37563
   1943.53	    6.9179	   1943.53	    6.6573
   1934.37	   6.73893	   1934.37	   6.29478
   1891.87	    6.4771	   1891.87	   6.00956
   1910.47	    6.3845	   1910.47	   6.12746
   1907.62	   6.19409	   1907.62	   5.81929
   1940.96	   6.42496	   1940.96	   5.98438
   1992.56	   6.78829	   1992.56	   6.39942
   1909.98	   6.58456	   1909.98	   6.20744
   1917.86	   6.04841	   1917.86	   6.02176
    1912.3	   6.57638	    1912.3	   6.19876
   1903.17	      7.52	   1903.17	   7.14724
   1954.14	   6.20587	   1954.14	   5.83184
   1945.33	   6.12726	   1945.33	   5.88632
   1950.19	   6.28355	   1950.19	   5.88718
   1914.18	   5.88563	   1914.18	   5.83073
   1908.79	   6.13915	   1908.79	   5.78863
   1962.83	   6.37488	   1962.83	   5.73764
    1944.7	   6.25003	    1944.7	   5.85139
   1929.38	   6.19449	   1929.38	   5.98322
   1957.73	   6.82365	   1957.73	   6.53475
   1983.24	    6.1128	   1983.24	   5.87127
      1940	   6.83473	      1940	   6.42232
   1983.04	   6.66452	   1983.04	   6.24087
   1951.21	   6.59074	   1951.21	    6.4676
    1985.3	   6.79895	    1985.3	    6.4344
   1944.98	   6.38502	   1944.98	    5.7768
   1922.31	   6.76872	   1922.31	   6.62465
   1930.27	   6.63679	   1930.27	    6.3899
   1974.98	   6.99207	   1974.98	   6.41642
   1962.01	    6.9557	   1962.01	   6.59982
    1906.5	   6.84125	    1906.5	   6.74658
   1929.81	   7.07218	   1929.81	    6.3788
   1958.48	   6.25209	   1958.48	   6.09582
   1937.44	   6.74778	   1937.44	   6.38031
   1922.18	   6.69114	   1922.18	   6.54535
   1929.27	   5.99428	   1929.27	   5.69155
   1953.52	   6.20692	   1953.52	   5.69345
   1923.06	   6.41303	   1923.06	   6.02519
   1903.36	   6.88124	   1903.36	    6.4718
    1920.4	   6.86431	    1920.4	    6.5527
   1906.92	   6.54006	   1906.92	   6.26376
   1939.42	   1.76564	         0	         0
   1944.38	   6.81254	   1944.38	   6.19439
   1945.01	   6.18841	   1945.01	   6.18841
   1910.81	   6.53099	   1910.81	   5.88334
   1925.06	   6.35004	   1925.06	   5.95809
   1938.83	    7.2186	   1938.83	   6.89969
   1930.06	   6.66924	   1930.06	   6.49827
   1962.48	   6.44953	   1962.48	   6.32364
   1929.02	   6.44846	   1929.02	    6.1157
   1900.38	   7.29966	   1900.38	   7.09864
   1927.52	   6.88224	   1927.52	   6.59591
   1941.46	   5.95856	   1941.46	   5.59675
   1943.68	   6.53226	   1943.68	   6.22986
   1908.42	   5.98009	   1908.42	   5.61966
   1932.59	   6.80306	   1932.59	   6.51324
   1972.04	   6.37192	   1972.04	   5.98141
    1951.9	   6.61276	    1951.9	   6.41527
   1929.71	   6.80345	   1929.71	   6.61166
   1948.76	   6.81316	   1948.76	   6.44943
   1964.93	   6.89408	   1964.93	   7.00974
   1891.73	   6.07238	   1891.73	   5.65691
   1886.94	   6.35404	   1886.94	   5.98504
   1933.48	   6.73909	   1933.48	   6.03409
   1923.64	   6.51166	   1923.64	   6.25985
   1906.15	   6.05991	   1906.15	   5.67626
   1933.24	   6.44727	   1933.24	    5.9003
   1874.15	   6.74871	   1874.15	   6.30525
   1901.83	   6.22129	   1901.83	   6.14326
   1914.08	   19.6127	         0	         0
   1919.03	   5.92279	   1919.03	    5.5875
   1889.22	   6.11747	   1889.22	   5.64856
   1911.41	   6.70229	   1911.41	   6.48276
   1943.94	   6.75757	   1943.94	   6.56444
   1870.57	   6.51856	   1870.57	   6.08476
   1902.55	   6.36428	   1902.55	   6.10638
   1916.45	    5.6955	   1916.45	   5.83496
    1887.9	   6.21151	    1887.9	   5.83353
   1903.35	   6.37062	   1903.35	     6.113
   1909.93	   6.85204	   1909.93	   6.46566
   1918.77	   6.92995	   1918.77	   6.74176
    1878.1	   6.44037	    1878.1	   6.33971
   1920.69	   6.14739	   1920.69	      5.88
   1904.47	   8.71768	   1904.47	   8.26313
   1926.53	   5.90741	   1926.53	   5.71369
   1898.83	   5.68131	   1898.83	   5.47533
   1925.96	   6.17487	   1925.96	   5.98981
    1915.3	    6.9273	    1915.3	   6.81025
   1925.59	   6.73184	   1925.59	   6.46374
   1930.68	   7.20567	   1930.68	    6.9327
   1924.88	   6.75713	   1924.88	   6.41532
   1962.98	   6.02297	   1962.98	   5.80545
   2018.07	   5.94073	   2018.07	   5.66524
   1943.75	   6.24598	   1943.75	   5.95605
   1956.53	   6.29251	   1956.53	   6.36871
   1935.69	   6.72679	   1935.69	   6.12626
   1951.46	   6.44318	   1951.46	   6.39307
   1964.21	   6.48444	   1964.21	   5.99479
   1999.79	   6.10426	   1999.79	   5.66846
   1957.15	   6.50337	   1957.15	   6.30246
   1971.38	   5.99999	   1971.38	   5.61225
   1979.89	   5.82387	   1979.89	   5.59862
   1994.44	   6.02719	   1994.44	   5.41004
    1977.1	   6.13376	    1977.1	    5.8931
   2031.69	   6.19178	   2031.69	   5.70609
   1984.68	   5.88176	   1984.68	   5.90903
    1957.2	   6.43833	    1957.2	   6.26105
   1951.37	   5.85942	   1951.37	   5.91405
   1957.82	   7.12187	   1957.82	   6.82203
   1973.47	   6.99301	   1973.47	   6.73532
   1976.36	   5.79982	   1976.36	   5.57361
   1964.12	   6.83367	   1964.12	   6.37091
   2068.59	   6.61474	   2068.59	    6.3168
    2067.3	   8.13174	    2067.3	   7.62175
   2143.21	   6.51652	   2143.21	   6.24397
   2089.69	   6.71333	   2089.69	   6.59347
   2086.11	   6.31245	   2086.11	   6.10624
   2111.89	   6.89832	   2111.89	    6.6142
   2071.37	   6.16695	   2071.37	    5.7632
   2102.63	   5.87141	   2102.63	   5.70622
   2122.52	   6.82209	   2122.52	   6.26025
   2139.99	   6.41605	   2139.99	   6.39546
   2115.24	   6.11671	   2115.24	   5.96043
   2145.97	   5.69575	   2145.97	   5.29156
    2119.4	   6.02492	    2119.4	   5.83894
   2127.08	    6.0781	   2127.08	   5.72818
   2130.92	   6.40111	   2130.92	    6.1751
   2135.79	   7.24834	   2135.79	   6.84139
   2157.34	   6.28808	   2157.34	   6.00591
   2121.18	   6.13192	   2121.18	   5.97635
   2137.27	    6.1607	   2137.27	    5.8163
   2102.49	   6.07976	   2102.49	   5.67067
   2164.97	   6.48338	   2164.97	   6.05313
   2118.75	   5.95246	   2118.75	   5.70805
   2138.88	    8.0327	   2138.88	   8.05624
   2141.56	   5.96218	   2141.56	   5.83081
   2113.62	   6.02329	   2113.62	   5.97311
   2143.12	   6.95936	   2143.12	   6.87066
   2089.07	   5.95292	   2089.07	   5.78969
   2138.53	   6.41316	   2138.53	   6.10952
   2090.32	   6.63933	   2090.32	   6.11066
   2116.95	   6.28094	   2116.95	   6.28439
   2098.37	   6.68803	   2098.37	   6.08498
   2097.36	   6.16754	   2097.36	   5.84763
   2120.09	   6.17271	   2120.09	   6.12409
   2129.05	   6.43116	   2129.04	   6.10162
   2113.99	   6.43326	   2113.99	   6.20589
   2090.52	   6.43391	   2090.52	   5.83195
   2099.44	   6.29627	   2099.44	   5.79212
   2066.03	   6.61801	   2066.03	   6.11323
   2074.15	   5.90536	   2074.15	   5.74037
   2081.59	   5.89652	   2081.59	   5.81504
   2088.14	   6.75637	   2088.14	   6.28893
   2108.23	   5.34506	   2108.23	   5.16323
    2119.8	    6.1046	    2119.8	    6.0288
   2094.21	    6.1092	   2094.21	   5.70199
    2097.4	   6.96713	    2097.4	   6.53968
   2068.85	   6.12712	   2068.85	   5.69231
   2063.25	   6.32095	   2063.25	   5.95415
   2106.42	   6.11012	   2106.42	   6.05877
   2087.32	   6.03691	   2087.32	   5.84854
   2106.21	   5.99143	   2106.21	   5.77431
    2084.3	   6.01777	    2084.3	   5.85622
   2112.46	   5.39047	   2112.46	   5.39235
   2127.56	   6.27393	   2127.56	   5.77076
   2082.68	   5.85549	   2082.68	   5.63247
   2105.48	   6.26175	   2105.48	   5.94712
   2081.97	   5.78154	   2081.97	   5.83782
   2078.54	   5.95856	   2078.54	   5.79521
    2102.9	   6.37796	    2102.9	   6.01607
   2094.77	   5.98357	   2094.77	   5.42085
   2130.06	   7.20392	   2130.05	   6.95775
    2073.5	   6.63126	    2073.5	   6.23184
    2111.7	   6.43425	    2111.7	   6.48558
   2083.96	   5.95112	   2083.96	    5.7877
   2107.98	   6.17985	   2107.98	   5.63713
   2091.09	    7.9304	   2091.09	    7.8906
    2100.7	   5.99787	    2100.7	   5.10109
   2085.37	    6.4271	   2085.37	   6.30169
   2094.15	   6.65736	   2094.15	   6.38727
   2103.23	   6.36351	   2103.23	   5.55548
   2108.65	   5.92261	   2108.65	   5.89701
   2111.68	   5.88502	   2111.68	   5.74851
   2089.97	     6.045	   2089.97	   5.88435
   2090.21	   5.91529	   2090.21	   5.58073
   2081.74	   5.88112	   2081.74	    5.6306
   2099.24	   5.80652	   2099.24	   5.34659
   2045.53	   5.94768	   2045.53	   5.34987
   2082.32	   6.06142	   2082.32	    6.1675
   2092.45	    6.4224	   2092.45	    5.9288
   2050.34	   6.48956	   2050.34	   6.18507
   2044.35	   5.93744	   2044.35	    5.8281
   2080.11	   6.08052	   2080.11	   5.92057
    2106.6	   5.41765	    2106.6	   5.17653
   2080.29	   5.52003	   2080.29	    5.5789
   2075.02	   5.60642	   2075.01	    5.4619
   2087.57	   6.09955	   2087.57	   5.69147
   2032.22	   6.24729	   2032.22	    5.8759
   2114.22	   5.91152	   2114.22	   5.46088
   2046.51	   5.94985	   2046.51	   6.13612
   2041.51	   6.18992	   2041.51	   5.70318
    2056.5	   5.70539	    2056.5	   5.44583
   2056.15	    5.8849	   2056.15	   5.37058
   2044.21	   6.03489	   2044.21	   5.76227
   2066.46	   5.80348	   2066.46	   5.37234
   2061.22	   5.87956	   2061.22	   5.27403
   2099.09	   5.79445	   2099.09	   5.39344
   2015.86	   5.72575	   2015.86	   5.40801
    2082.1	   5.65249	    2082.1	   5.62493
   2064.07	   5.59933	   2064.07	   5.42428
   2085.02	   5.86059	   2085.01	   5.58051
   2040.65	   5.87092	   2040.65	   6.05962
   2068.28	   6.00178	   2068.28	   5.38073
   2039.51	   5.88659	   2039.51	   5.34242
   2040.11	   6.32677	   2040.11	   5.90612
   2091.72	   5.97492	   2091.72	   5.78465
   2078.22	   5.58835	   2078.22	   5.38404
   2054.81	    5.7789	   2054.81	    5.4936
   2105.68	   5.96784	   2105.68	   5.99624
   2095.11	    5.9759	   2095.11	   5.20027
   2095.86	   6.10629	   2095.86	   5.72706
   2075.62	   6.14553	   2075.62	   6.06724
   2080.06	   5.49796	   2080.06	   5.41043
   2109.29	   5.47203	   2109.29	   5.44433
   2100.39	   5.66139	   2100.39	   5.06316
    2035.2	   5.73421	    2035.2	   5.20502
   2063.09	   6.47591	   2063.09	   5.84969
   2100.66	    5.6535	   2100.66	   5.14891
   2072.44	   5.10885	   2072.44	   5.07803
   2093.03	   5.74101	   2093.02	     5.089
    2112.1	   5.69845	    2112.1	   5.32086
   2097.17	   5.85998	   2097.17	   5.40454
   2106.43	   5.77242	   2106.43	   5.27937
   2096.05	   6.05482	   2096.05	   5.61517
   2100.01	   6.15054	      2100	   5.45942
   2066.81	   5.83773	   2066.81	   5.34955
   2134.29	   5.49605	   2134.29	   5.20045
   2058.28	   5.14525	   2058.28	   4.51254
   2119.37	   5.19832	   2119.37	   4.75025
   2072.22	   3.48887	         0	         0
   2384.73	   8.29311	   2384.73	   7.49915
   2169.27	   7.11088	   2169.27	   6.80216
   2079.21	   6.54176	   2079.21	   6.05431
   1942.71	   6.45514	   1942.71	   6.02501
   1970.48	   7.20505	   1970.48	   6.72548
   2021.77	   6.83687	   2021.77	   6.19724
   2047.51	   6.57074	   2047.51	   6.42226
   1981.99	   5.65507	   1981.99	   5.30874
   1994.41	   6.57046	   1994.41	   6.17056
   1961.59	   6.56862	   1961.59	   5.90478
   1951.42	   6.82752	   1951.42	   6.42173
   2006.96	   6.66603	   2006.97	   6.08914
   1970.55	   6.70378	   1970.55	   6.23724
   2030.05	   6.22832	   2030.05	   5.57586
   2002.33	   6.04621	   2002.33	   5.66543
    1999.1	   6.82848	    1999.1	   6.41925
   1987.08	   5.93419	   1987.08	   5.74637
   2006.29	   6.60428	   2006.29	    6.1536
   2025.49	   6.20777	   2025.49	   5.49507
   2016.25	   6.10274	   2016.25	   5.89071
   2066.93	   6.70559	   2066.93	   6.23189
   2027.63	   6.25283	   2027.63	   5.74513
   2039.26	   6.08893	   2039.26	   5.32915
   2018.09	   6.59921	   2018.09	   6.25102
    2031.5	    6.8808	    2031.5	   6.27063
   2069.36	   5.97774	   2069.36	   5.32131
   2074.56	    5.9992	   2074.56	   5.86151
   2050.08	   5.62957	   2050.08	   5.39604
   2054.32	   6.48439	   2054.32	   6.15309
   2060.34	   6.07551	   2060.34	   5.57774
   1977.95	   6.22186	   1977.96	    5.7155
   2080.12	   6.15925	   2080.12	   5.63876
   2063.52	   6.24528	   2063.52	   5.56315
   2053.66	   5.95999	   2053.66	   5.51093
   2059.62	   6.31332	   2059.62	   5.52452
   2098.11	   6.83237	   2098.11	   6.31508
   2084.04	   6.52469	   2084.04	   6.08854
   2055.27	   6.60377	   2055.27	    6.1754
   2070.56	   13.2765	         0	         0
   2097.66	   14.6622	         0	         0
   2094.65	   9.10585	   2094.65	   8.79802
   2034.73	   6.24715	   2034.73	   5.62516
   2057.75	   6.72184	   2057.75	   6.42764
   2019.64	   6.67955	   2019.64	   6.07656
   2053.98	   6.18148	   2053.98	   5.74972
   2084.01	   6.36573	   2084.01	   5.91788
   2064.92	   6.73091	   2064.92	      5.97
   2050.12	   6.29163	   2050.12	    6.1362
   2019.39	   6.71548	   2019.39	    6.1684
   2044.73	   6.89508	   2044.73	   6.38682
   2057.38	   6.64535	   2057.38	   6.06258
    2051.2	   6.64118	    2051.2	    6.1376
    2052.9	   6.29868	    2052.9	   5.76511
   2064.19	   6.89649	   2064.19	   6.58524
   2024.65	   6.37693	   2024.65	   5.74183
   2042.62	   7.22041	   2042.62	   6.80812
   2078.55	   7.46863	   2078.55	   7.24814
   2083.42	   6.74799	   2083.42	   6.45312
   2078.98	   6.55894	   2078.98	   6.07289
   2078.26	   6.40467	   2078.26	   6.06715
   2069.09	   6.46419	   2069.09	   5.94422
   2060.36	   6.10377	   2060.36	   5.57977
   2040.83	   6.42449	   2040.83	    5.5668
    1996.3	   6.70652	    1996.3	   6.18647
   2057.63	   5.83202	   2057.63	   5.25083
   2009.77	   6.57136	   2009.77	   5.98513
   2039.93	   6.27631	   2039.93	   5.93454
   2034.06	   6.32431	   2034.06	   5.76683
    2054.2	   5.80087	    2054.2	    5.3384
   2047.89	   6.21134	   2047.89	   5.72642
   2002.43	   6.24286	   2002.43	   5.73635
   2049.13	   6.36726	   2049.13	   5.84027
   2003.94	   6.11095	   2003.95	   5.53457
   2023.97	    6.6438	   2023.98	   6.24636
    2061.6	   6.99312	    2061.6	   6.49131
   2064.39	   6.16124	   2064.39	   5.75511
   2024.95	   6.92113	   2024.95	   6.49113
   2031.35	   6.98422	   2031.35	   6.17915
   2089.28	   6.27502	   2089.28	   5.79207
   2079.27	   6.95314	   2079.27	   6.49663
   2108.93	   6.25832	   2108.94	   5.77237
   2051.49	   6.16511	   2051.49	   6.03302
   2046.42	   6.34573	   2046.42	   6.11353
   2129.83	    6.9465	   2129.83	   6.38591
   2082.59	    6.8094	   2082.59	   6.71185
   2077.18	    5.9014	   2077.18	   5.73319
   2109.05	    6.3367	   2109.05	   6.01971
   2107.96	   6.19602	   2107.97	   5.70485
   2128.59	   6.62385	   2128.59	   5.89868
   2155.05	   6.11633	   2155.05	   5.58553
   2133.64	   6.17283	   2133.64	    5.7897
    2123.3	    6.9191	    2123.3	   6.28022
   2122.81	   5.68173	   2122.81	   5.20248
   2112.19	   6.41337	   2112.19	    6.0737
   2085.18	   6.58186	   2085.18	   6.35542
   2081.87	   5.47291	   2081.87	   5.29067
   2098.32	   6.36102	   2098.32	   5.77406
   2098.58	   6.60955	   2098.58	   6.33252
    2151.7	   5.93368	    2151.7	   5.78816
   2128.35	    6.6891	   2128.35	   5.89055
   2149.51	   6.22999	   2149.51	   5.87675
   2150.91	   6.25239	   2150.91	    5.7625
   2116.84	    6.1912	   2116.84	   6.02797
   2074.39	   6.32035	   2074.39	   6.21575
   2097.98	   6.31021	   2097.98	   5.80181
   2126.36	   6.38227	   2126.36	   5.87784
    2067.5	   6.76629	    2067.5	   6.24584
   2124.38	   6.08936	   2124.38	   5.72952
   2105.74	   6.31756	   2105.74	   5.94598
   2133.95	   6.66785	   2133.96	   6.39074
   2149.46	   6.47585	   2149.46	   5.84144
   2130.45	   6.39853	   2130.45	   5.78503
   2097.22	    6.1306	   2097.22	   5.91312
   2076.95	   6.36751	   2076.95	    5.8383
   2102.91	   6.23951	   2102.91	   5.69628
   2099.35	   6.64198	   2099.35	   6.08212
   2136.55	   6.04306	   2136.55	   5.35878
   2148.77	   6.21975	   2148.77	   5.78313
    2146.3	   6.12373	    2146.3	   5.73628
   2109.43	   5.74143	   2109.43	   5.26881
   2111.03	   6.05622	   2111.03	   5.77947
   2118.96	   6.09171	   2118.96	    5.3554
   2116.37	   6.10018	   2116.37	   5.74168
    2110.2	   6.18474	    2110.2	    6.0485
   2138.29	   6.47829	   2138.29	   5.89981
   2136.28	   6.33418	   2136.28	   5.85232
   2154.84	   6.52408	   2154.84	   5.92166
   2175.08	   6.11765	   2175.08	   5.89348
    2114.3	   6.53037	    2114.3	   6.60856
   2070.12	   6.11339	   2070.11	   6.21939
   2066.23	   6.44335	   2066.23	    6.1641
   2124.38	   6.34794	   2124.38	    6.1478
   2038.78	   6.12404	   2038.78	   6.30448
   2068.65	   5.92939	   2068.65	   5.98501
   2076.55	   6.71127	   2076.55	   6.64103
   2015.53	   6.37384	   2015.53	   6.13926
   2052.44	   6.15098	   2052.44	   5.91137
   2020.49	   6.95128	   2020.49	   6.78551
   2009.21	   6.50263	   2009.21	   6.59711
   2018.14	   6.58308	   2018.14	    6.7973
   2054.37	   6.61247	   2054.37	    6.4902
   2055.06	   6.47158	   2055.05	   6.61949
   2063.28	   6.41341	   2063.28	    6.3642
   2058.98	   6.68942	   2058.98	   6.54439
   2052.98	   6.10499	   2052.98	   6.15783
   2001.46	   6.15645	   2001.46	   6.28104
   1962.14	     5.909	   1962.14	   5.73635
   2045.51	   5.88488	   2045.51	   5.82978
   2011.27	   6.16885	   2011.27	   6.21705
   2037.06	   6.55337	   2037.05	   6.22539
   1983.15	    6.2319	   1983.15	    6.0684
   2000.78	   6.05739	   2000.78	   5.99912
   2032.15	   6.90924	   2032.15	   6.86144
   2026.43	   6.46432	   2026.43	   6.48758
   2033.58	   6.12655	   2033.58	   5.93883
   2019.19	   5.95971	   2019.19	    6.2473
   2051.73	   6.12511	   2051.73	    6.1254
   2071.02	    6.1411	   2071.02	   6.09029
   1983.75	   6.07633	   1983.75	   6.04313
    2022.6	   6.62902	    2022.6	   6.69961
   2021.78	   6.26336	   2021.78	   6.26139
   2023.55	   6.84916	   2023.55	   6.72904
   2045.43	   6.52583	   2045.43	   6.64771
   2041.71	   6.13217	   2041.71	    6.1054
   2014.83	    5.7201	   2014.83	   5.74452
   2017.47	   6.08959	   2017.47	   6.13983
   2001.54	   6.22907	   2001.54	   5.87895
   1984.75	    5.8182	   1984.75	   5.83897
   2043.08	   7.23124	   2043.07	   7.36314
   1985.87	   5.92281	   1985.87	   5.99721
   1992.61	   5.88262	   1992.61	     5.904
   2018.45	   6.39853	   2018.45	   6.34588
   2012.19	    5.6108	   2012.19	     5.941
   2027.01	   5.94995	   2027.01	   5.81155
   1985.83	   5.90979	   1985.83	   5.84844
   2036.24	   6.63056	   2036.24	   6.45771
   1979.12	   5.78254	   1979.12	    5.6909
   2012.87	   6.01834	   2012.87	   6.12068
   1930.05	   6.05316	   1930.05	    6.0173
    1981.3	   6.16967	    1981.3	   6.13673
   1933.42	   6.44746	   1933.42	   6.36372
   1941.83	   6.15157	   1941.83	   6.09086
   1988.91	   5.40684	   1988.91	   5.37011
   1998.26	   6.09737	   1998.26	   6.09225
    1974.5	   6.03455	    1974.5	   6.00016
   1950.19	   6.12957	   1950.19	   6.01606
   1960.68	   6.38639	   1960.68	   6.43016
   1977.57	   6.37981	   1977.57	   6.37287
   1942.55	    6.0414	   1942.55	    5.8984
   1953.76	   6.11795	   1953.76	   6.13694
   1968.91	   6.48902	   1968.91	   6.25607
   1924.35	   6.08816	   1924.35	    6.1835
   1894.41	   6.69472	   1894.41	   6.75926
   1887.69	   6.65469	   1887.69	   6.45068
   1894.17	   6.48081	   1894.17	   6.49815
   1922.76	    6.5708	   1922.76	   6.36274
   1931.48	   5.79449	   1931.48	   5.72915
   1901.02	   6.44846	   1901.01	   6.26043
   1891.61	   6.47897	   1891.61	   6.21793
   1885.98	   6.54937	   1885.98	   6.41751
   1914.75	   7.15669	   1914.75	   7.03454
   1927.65	   6.73675	   1927.65	   6.53434
   1921.25	   6.51879	   1921.25	   6.33435
   1898.29	   6.63767	   1898.29	   6.45859
   1951.22	    6.2668	   1951.22	   6.31069
   1947.61	   6.76163	   1947.61	   6.68283
   1971.53	   7.24711	   1971.53	   7.15109
   1955.98	   5.88667	   1955.98	   6.12051
   1911.71	   6.47829	   1911.71	    6.5915
   1874.24	   6.66081	   1874.24	   6.60409
   1922.99	   5.78899	   1922.99	   5.75092
   1894.13	   6.16384	   1894.13	   6.31078
   1948.04	   6.24447	   1948.04	   6.26265
   1881.44	    6.3677	   1881.44	   6.23177
   1952.61	   6.82488	   1952.61	   6.81829
    1973.5	   6.62216	    1973.5	   6.63935
   1943.63	   6.39271	   1943.63	   6.33444
   1895.88	   6.79837	   1895.88	    6.5992
   1922.74	   7.16616	   1922.74	   6.97588
    1933.9	    6.5716	    1933.9	   6.36439
    1905.6	   6.00328	    1905.6	    5.7455
   1932.85	   6.72522	   1932.85	   6.54743
   1911.32	    6.4796	   1911.32	   6.64136
   1927.75	   7.01611	   1927.75	   6.93885
    1936.6	   6.70694	    1936.6	    6.4046
   1925.14	   6.26361	   1925.14	   6.28002
   1941.38	   7.13077	   1941.38	   6.91758
   1879.09	    6.9497	   1879.09	   6.98824
   1907.04	   6.46003	   1907.04	   6.39969
   1937.18	   5.97923	   1937.18	   5.77889
   1921.33	   6.35379	   1921.33	   6.24219
   1983.15	   6.82251	   1983.15	   6.76919
   1959.67	   6.03262	   1959.67	   5.86342
   1954.37	   6.91095	   1954.37	   6.78712
   1905.99	   7.17617	   1905.99	   6.98504
   1950.18	   6.65361	   1950.18	    6.5737
   1977.42	   5.87882	   1977.42	   5.53286
   1940.64	     7.187	   1940.64	    6.9985
   1951.48	   6.47014	   1951.48	   6.28654
   1953.62	   7.10147	   1953.62	   7.22991
   1933.78	   6.89121	   1933.78	    6.8834
   1909.47	   6.94687	   1909.47	   6.86758
   1930.95	   7.17775	   1930.95	   7.19245
   1965.73	   6.92144	   1965.73	   6.89254
   1900.95	    6.7951	   1900.95	   6.61691
   1901.83	   6.67034	   1901.83	   6.68411
   1937.75	   6.95695	   1937.75	   6.61761
   1977.23	   6.91163	   1977.23	   6.76403
   1961.71	   6.48891	   1961.71	    6.5074
   1950.26	   6.77081	   1950.26	   6.57107
   1936.23	   6.12982	   1936.23	    6.0949
   1929.57	   5.36077	   1929.57	   5.43977
   1924.54	   6.28526	   1924.54	   5.98752
   1898.54	   7.05416	   1898.54	   6.67245
   1928.73	   6.63358	   1928.73	   6.40294
   1961.28	   6.41968	   1961.28	   6.36297
   1974.12	    6.9344	   1974.12	   6.70196
   1969.26	   6.11035	   1969.26	   5.64964
   1941.03	   6.51123	   1941.03	   5.94877
   1887.67	   6.07247	   1887.67	   5.55564
   1866.12	   6.47884	   1866.12	    6.2257
   1895.91	   6.06761	   1895.91	   6.02231
   1878.31	   6.51141	   1878.31	   6.21657
   1905.31	   6.23022	   1905.31	   5.94706
   1860.25	   6.38601	   1860.25	   6.25884
   1836.43	   4.60047	         0	         0
   1815.28	   6.20311	   1815.28	   6.11051
   1831.91	   6.39667	   1831.91	   6.00776
   1855.91	   6.53955	   1855.91	   6.26323
   1859.31	   6.61112	   1859.31	   6.36324
   1846.02	   6.71753	   1846.02	   6.49852
   1849.96	   6.84196	   1849.96	   6.62706
    1890.7	   6.42503	    1890.7	   6.20365
   1886.83	   7.09986	   1886.83	   6.92361
   1910.32	   6.01341	   1910.32	   5.54799
   1901.05	   6.55111	   1901.05	   6.02126
   1929.41	   7.16988	   1929.41	    6.9009
   1915.35	   5.91582	   1915.35	   5.47124
   1914.97	   6.95312	   1914.97	   6.79545
   1874.55	    6.4843	   1874.55	   6.46789
   1929.81	     6.285	   1929.81	   6.05648
   1910.62	   6.76526	   1910.62	   6.43059
   1929.44	     6.418	   1929.44	   6.08969
   1907.69	   6.65469	   1907.69	    6.2116
   1890.75	   5.88006	   1890.75	   5.57998
   1943.35	   6.24957	   1943.35	   5.71758
   1964.51	   6.42065	   1964.51	   6.14325
   1967.67	    7.1547	   1967.67	   6.81294
    1955.7	   6.16951	    1955.7	   6.04258
   1964.47	   6.34819	   1964.47	   6.17258
   1951.89	   6.39008	   1951.89	   6.13819
   1943.44	   5.92116	   1943.44	   5.62033
   1974.94	   3.62035	         0	         0
   1990.89	   6.59929	   1990.89	   6.35377
   2026.15	   6.30525	   2026.15	   6.01932
      2029	   6.55284	      2029	   5.79871
   1979.46	   6.53958	   1979.46	   6.00462
   2027.55	   6.76649	   2027.55	   6.24856
   2013.86	   5.75039	   2013.86	   5.61074
   2029.46	    6.0941	   2029.46	   5.54234
   2019.64	   5.99747	   2019.64	    5.9451
   2020.23	   6.64588	   2020.23	   6.42578
   2041.48	   6.43391	   2041.48	   6.12699
    2044.3	   5.90312	    2044.3	   5.59566
   2078.45	   6.84068	   2078.45	   6.52648
   2033.08	   6.28619	   2033.08	    5.6682
    2076.6	   6.34076	    2076.6	   6.18527
   2044.16	   6.90028	   2044.16	   6.54158
   2002.55	    6.3591	   2002.55	   5.83391
   1961.99	   6.63021	   1961.99	   6.28579
   2042.29	   6.20386	   2042.29	   5.99322
   2048.66	   6.12452	   2048.66	   5.93789
   2045.61	   6.37292	   2045.61	    6.0627
   2046.36	   6.43247	   2046.36	   6.04595
   2095.63	   6.78352	   2095.63	   6.21203
   2053.49	   13.1828	         0	         0
   2076.49	   8.07494	   2076.49	   7.62309
   2006.92	    12.856	         0	         0
   2053.23	   7.19744	   2053.23	   6.90065
   1987.81	   6.18344	   1987.81	   5.94796
   1975.28	   7.00029	   1975.28	   6.50353
   1992.97	   6.65776	   1992.97	   6.15858
    2006.3	   6.20014	    2006.3	   5.77254
   2032.05	   6.36554	   2032.05	   5.81174
   2029.01	   6.79823	   2029.01	   6.23145
   2028.93	   6.80969	   2028.93	   6.08747
   2018.29	   6.67993	   2018.29	   6.46109
   2037.09	   7.14162	   2037.09	   6.57959
    1979.4	   6.24493	    1979.4	    5.9855
   2031.07	    7.1573	   2031.07	   6.62122
   1996.11	   6.06406	   1996.11	   5.56924
   2001.68	   7.13383	   2001.68	   6.76572
   1988.71	   6.05672	   1988.71	   5.81607
   2014.35	   6.37969	   2014.35	   6.20244
   1982.48	    6.4608	   1982.48	   6.05288
   1956.67	   6.44332	   1956.67	   6.08862
   1946.25	    6.8303	   1946.25	   6.24486
   2018.69	    6.3769	   2018.69	   6.32772
   2007.76	   6.75966	   2007.76	   6.41995
   2005.52	   6.20368	   2005.52	    6.1013
   1998.17	   6.74823	   1998.17	   6.45838
   1965.32	   6.43134	   1965.32	   5.96867
   1972.28	   7.20999	   1972.28	   6.72887
   2029.49	   6.88444	   2029.49	   6.32536
      1990	   6.46755	      1990	   6.31949
   1989.59	   6.61132	   1989.59	   6.05565
   1987.45	   5.97326	   1987.45	   5.47074
    2031.4	   6.81442	    2031.4	   6.52591
    2005.3	    6.5918	    2005.3	   6.13919
   1978.16	   6.18592	   1978.16	   5.89676
    2032.8	   6.06869	    2032.8	   5.65812
   1972.53	    6.5096	   1972.53	   5.99918
   2009.26	   6.35544	   2009.26	   5.91173
   2008.72	   6.37512	   2008.72	   6.04036
   1986.72	   7.03609	   1986.72	   6.51687
    2015.1	   6.42818	    2015.1	   6.42979
    2011.7	   6.72127	    2011.7	    6.4545
   2051.52	     6.602	   2051.52	    6.5531
   2040.02	   6.80523	   2040.02	   6.49117
   2030.06	   6.34806	   2030.06	   6.09041
      1976	   6.89913	      1976	   6.71345
   1974.43	   6.59787	   1974.43	   6.19938
   2040.46	   6.99403	   2040.46	   6.61631
   1968.04	   6.44095	   1968.04	   5.73172
   1996.69	   6.71969	   1996.69	   6.27674
   2052.61	   6.75725	   2052.61	    6.4902
   2070.08	   6.41712	   2070.08	     6.055
   2073.22	   6.85005	   2073.22	   6.23435
   2112.81	   6.78075	   2112.81	   6.36165
   2045.53	   6.71178	   2045.53	   6.44296
   2113.15	   6.38889	   2113.15	   6.48564
   2111.96	   6.34033	   2111.97	   5.97135
   2069.85	   7.00591	   2069.85	   6.57876
   2083.63	   7.03919	   2083.63	   6.36575
   2065.99	   6.59221	      2066	   5.92319
   2083.75	    6.9062	   2083.75	   6.71568
   2104.48	   6.39199	   2104.48	   6.18459
   2134.38	   6.34952	   2134.38	   5.92591
   2140.42	   7.08505	   2140.42	   6.87353
    2100.8	   6.73973	    2100.8	   6.51892
   2122.09	   7.32263	   2122.09	   6.93592
   2170.24	   6.48342	   2170.24	    6.1984
   2148.85	   8.50148	   2148.85	   7.82798
   1687.52	   4.07138	         0	         0
    2146.9	   6.96545	    2146.9	   6.48972
    2171.9	   7.07966	    2171.9	   6.89555
   2164.62	   7.14063	   2164.62	   6.70184
   2154.78	   7.18991	   2154.78	   6.89547
   2192.69	   7.00334	   2192.69	   6.76983
   2203.57	   6.89725	   2203.57	   6.61156
   2170.51	   7.54908	   2170.51	   7.26689
   2191.17	   6.82499	   2191.17	   6.38683
   2131.68	    6.2975	   2131.68	   5.73856
   2202.75	   5.87322	   2202.75	    5.7905
   2168.46	   6.56716	   2168.46	   6.39346
   2179.21	   7.01332	   2179.21	   6.73256
   2149.93	   6.35276	   2149.93	   6.25325
   2139.82	   6.82364	   2139.82	   6.18297
   2156.35	   6.26391	   2156.35	   5.53057
   2176.17	   6.65991	   2176.17	   6.36358
   2149.12	   6.30151	   2149.12	   5.99012
   2152.05	   6.53387	   2152.05	   6.20832
   2131.17	   6.58517	   2131.17	   5.80882
   2135.27	   6.16292	   2135.27	   5.95283
   2168.06	   6.08122	   2168.06	   5.69902
   2125.54	   6.64138	   2125.54	   6.24392
   2134.79	   6.90355	   2134.79	   6.39785
   2118.46	   6.46967	   2118.46	   6.03419
    2108.5	   6.89831	    2108.5	   6.39155
   2152.18	   7.10928	   2152.18	   6.92833
   2119.11	   6.36605	   2119.11	   5.95006
   2116.59	   6.81825	   2116.59	   6.57981
   2125.29	   6.00447	   2125.29	   5.50354
   2104.51	    6.4273	   2104.51	   6.09484
   2084.03	   6.30541	   2084.02	   5.99251
   2154.94	   6.51256	   2154.94	   5.92031
   2126.86	   6.51528	   2126.86	   6.08329
   2138.31	   5.95346	   2138.31	   5.62253
   2150.29	   5.99962	   2150.29	   5.64329
   2156.37	   6.32663	   2156.37	   5.98994
   2114.77	   6.49482	   2114.77	   5.92692
   2090.13	   6.68329	   2090.13	   6.18445
   2107.21	   6.28156	   2107.21	   6.04831
    2129.5	   6.75849	    2129.5	   6.18916
   2149.37	   6.45207	   2149.37	   5.90824
   2064.92	   6.31172	   2064.92	   5.75233
   2123.33	   6.58272	   2123.33	    6.3356
   2119.65	   6.46886	   2119.65	   5.81622
   2109.67	   7.10961	   2109.67	   6.64333
   2167.14	   6.12571	   2167.14	   5.69022
   2140.47	   5.95314	   2140.47	   5.84658
   2126.62	   6.72353	   2126.62	   6.33126
   2123.31	   6.65001	   2123.31	   6.01715
   2127.45	    6.4052	   2127.45	   5.85643
   2096.76	   6.03337	   2096.76	   5.67767
   2095.36	   6.42191	   2095.36	   5.79113
   2106.96	   6.36601	   2106.96	   6.05683
   2048.84	   6.56006	   2048.84	   6.02337
   2035.89	   6.53924	   2035.89	    5.9194
   2074.98	   5.99621	   2074.98	   5.86131
   2071.02	   6.57119	   2071.02	   6.52262
   2044.44	   6.35669	   2044.44	   5.99198
   2078.68	    6.3801	   2078.68	   5.85518
   2084.96	   6.14349	   2084.96	   5.76642
    2089.1	   6.72167	    2089.1	   6.35371
   2090.32	   6.50914	   2090.32	    6.0226
   2089.45	   7.22892	   2089.45	   6.65057
   2109.17	   6.16096	   2109.17	   5.95011
   2088.83	   6.44947	   2088.83	   5.73803
   2065.15	   6.51352	   2065.15	    5.8644
   2062.99	   6.32336	   2062.99	   5.70899
   2078.19	   6.33453	   2078.19	   5.91523
    2077.8	   6.34057	    2077.8	   6.26477
   2072.02	   6.61349	   2072.02	   6.05561
    2052.9	   6.32415	    2052.9	   6.06468
   2079.31	   6.35376	   2079.31	   6.01658
    2043.3	   6.03795	    2043.3	    5.5955
   2065.03	    6.7626	   2065.03	   6.34593
   2096.79	   6.87672	   2096.79	   6.21459
   2079.51	   6.97437	   2079.51	   6.29657
   2047.24	   6.85728	   2047.24	   6.56983
   2103.07	   6.66349	   2103.07	   6.18941
   2063.61	   6.75866	   2063.61	   6.26516
   2087.73	   7.08929	   2087.73	   6.69352
   2070.64	   7.29526	   2070.64	   7.02628
    2063.9	   6.37764	    2063.9	   5.79689
   2063.31	   6.26455	   2063.31	   5.92187
   2089.41	   6.91194	   2089.41	   6.25336
   2031.32	   6.20061	   2031.32	   5.79766
   2041.62	   5.85406	   2041.62	   5.71489
   2030.39	   5.89243	   2030.39	    5.4961
   2109.42	   6.71621	   2109.42	    6.2205
   2056.21	   6.09107	   2056.21	    5.7658
    2039.7	   6.02086	    2039.7	   5.31112
   2004.45	    7.1591	   2004.45	   6.57154
   2042.56	   6.26151	   2042.56	   6.31252
   2030.73	   6.78192	   2030.73	   6.10738
   2077.28	   6.99023	   2077.28	   6.44015
   2051.16	   6.68688	   2051.16	   6.56562
    1999.1	   6.81603	    1999.1	   6.42628
   2019.87	   6.22075	   2019.87	    5.8736
   2013.32	   6.65458	   2013.32	   6.33094
   2040.31	   6.53914	   2040.31	   6.33917
   2019.81	    6.7523	   2019.81	   6.45884
   1965.02	     6.562	   1965.02	   6.38612
   1956.92	   6.30853	   1956.92	   6.33171
   1940.18	   6.35685	   1940.18	    5.8261
   2021.36	    6.6283	   2021.36	   6.09622
   1994.06	   6.65269	   1994.06	   6.14891
   1989.63	   6.37855	   1989.63	   6.11976
   1968.92	   6.76596	   1968.92	   6.27067
    1974.3	   6.22602	    1974.3	   5.93317
   1978.37	   6.32792	   1978.37	   6.01344
   1987.95	   6.29892	   1987.95	   6.03667
    2004.7	   6.63435	    2004.7	   6.23231
   1995.88	   6.53608	   1995.88	   6.15466
   1985.73	   5.96551	   1985.73	   5.74412
   1982.88	   6.03095	   1982.88	   5.81198
   1980.77	   6.28023	   1980.77	   6.30411
   2021.02	   6.15092	   2021.02	   5.88224
   1991.87	   6.92706	   1991.87	   6.44472
   2007.73	   6.76428	   2007.73	   6.44588
   1974.29	   6.84343	   1974.29	   6.40472
   2026.15	    6.5631	   2026.15	   6.23535
   1987.05	    6.8305	   1987.05	   6.49108
   1978.39	    6.6869	   1978.39	   6.33958
   1953.24	   5.81797	   1953.24	   5.38469
   1949.68	   6.52327	   1949.68	   6.42151
   2003.97	    6.5891	   2003.97	   6.13185
   1965.52	   6.30013	   1965.52	   5.90268
   1942.64	   6.69769	   1942.64	   6.35007
   1890.89	   6.18508	   1890.89	   5.86059
   2114.89	    6.6123	   2114.89	   6.10486
   2094.16	   7.05868	   2094.16	   6.46299
   2140.97	   6.24975	   2140.97	   6.19572
   2120.18	   5.97896	   2120.18	   5.47141
   2063.06	   5.96821	   2063.06	   5.51988
   2069.05	   6.47085	   2069.05	   6.03307
   2073.42	   6.16701	   2073.42	   5.50504
    2111.7	   5.91307	    2111.7	   5.48819
   2095.79	   6.43762	   2095.79	   6.10303
   2080.94	    6.0077	   2080.94	   5.95305
   2098.36	   6.54581	   2098.36	   5.81608
   2040.59	   6.29989	   2040.59	   5.79486
   2073.15	   6.28741	   2073.15	    6.0522
   2128.02	    6.4784	   2128.02	   5.82274
   2082.89	   5.81221	   2082.89	   5.43966
    2066.5	   6.78409	    2066.5	   6.39315
    2109.5	   6.07108	    2109.5	   5.82617
   2132.38	   5.91894	   2132.38	    5.4054
   2119.37	   5.81811	   2119.37	   5.29519
   2091.21	   5.44508	   2091.21	   5.07701
   2090.03	   6.14722	   2090.03	    5.7403
   2155.05	   6.11633	   2155.05	   5.98062
   2154.03	    6.5769	   2154.03	    5.7665
   2103.31	    6.0018	   2103.31	   5.49684
   2109.31	   6.14576	   2109.31	   5.93112
   2072.47	   5.69386	   2072.47	   5.25246
   2100.24	   6.50817	   2100.24	   5.85659
   2129.24	   6.15275	   2129.24	   5.80086
   2113.43	   5.71687	   2113.43	    5.5146
   2165.73	   6.08891	   2165.73	     5.355
   2082.48	   5.66648	   2082.48	   5.43372
   2111.17	   5.91701	   2111.17	   5.77781
   2086.16	   6.53973	   2086.16	    6.1589
   2121.88	   6.79384	   2121.88	   6.30087
   2078.47	   6.38329	   2078.47	   5.96583
   2115.06	   5.63918	   2115.06	   5.63732
   2137.51	   6.31332	   2137.51	   5.75118
   2150.98	   5.88026	   2150.98	   5.59724
    2081.3	   6.58264	    2081.3	   6.45854
   2086.18	   6.42134	   2086.18	   5.97949
   2089.25	   6.38797	   2089.25	    6.1562
    2084.8	    6.7433	    2084.8	   6.24727
   2061.36	   6.44796	   2061.36	    5.9007
   2100.33	   5.96561	   2100.33	   5.57401
   2103.37	    6.7226	   2103.37	   6.27591
   2081.41	   6.53634	   2081.41	   6.31021
   2103.01	   6.19734	   2103.01	   5.87626
   2104.38	   6.44877	   2104.38	   5.95469
   2093.69	   6.08041	   2093.69	   5.37744
   2089.04	   5.89811	   2089.04	   5.38385
    2141.5	   6.09751	    2141.5	   6.06866
   2098.89	   6.21102	   2098.89	   5.66821
    2096.3	   6.32078	    2096.3	   5.78835
   2094.01	   6.25584	   2094.01	   5.57503
   2071.78	   5.47204	   2071.78	   4.94656
   2112.63	   5.94171	   2112.63	   5.77529
   2095.05	   6.72672	   2095.05	   6.22911
   2075.47	   6.19312	   2075.47	   5.92706
   2105.14	   6.12078	   2105.14	   5.79541
   2100.97	   6.23931	   2100.98	   5.52726
   2087.49	   6.50193	   2087.49	   6.14493
   2125.77	   5.90774	   2125.77	   5.30313
   2105.87	    6.0371	   2105.87	   5.56426
   2129.09	   6.46108	   2129.09	   5.85859
   2123.05	   6.54804	   2123.05	   6.03499
    2107.9	   6.10049	    2107.9	    5.7739
   2132.46	   6.48399	   2132.46	   5.91103
   2094.65	   5.53793	   2094.65	   5.14521
   2139.56	   5.94192	   2139.56	   5.66229
   2135.23	   6.23589	   2135.23	   5.77854
   2092.04	   6.21866	   2092.04	   5.44545
    2103.6	   6.76966	    2103.6	   6.09323
   2118.67	   6.60203	   2118.67	   6.14619
   2109.49	   6.62253	   2109.49	   6.19445
   2118.94	   5.92176	   2118.94	   5.61314
   2100.39	   6.58971	   2100.39	   6.31428
   2085.82	   6.32846	   2085.82	   5.85223
    2085.6	   6.35018	    2085.6	   6.32387
   2138.15	   6.01329	   2138.15	   5.79297
   2117.42	   6.12778	   2117.42	   5.80246
   2111.43	   6.56465	   2111.43	   6.10621
   2124.93	   5.81629	   2124.93	   5.29303
   2105.85	   6.54919	   2105.85	   6.32291
    2087.7	   6.25043	    2087.7	   5.90546
   2103.79	   5.82109	   2103.79	   5.50726
   2155.13	   5.96876	   2155.13	   5.99284
   2159.85	   6.14554	   2159.85	   5.82008
   2110.19	   5.77689	   2110.19	    5.7752
   2148.88	   5.88856	   2148.88	   5.57725
   2168.61	   6.39928	   2168.61	   6.00424
   2115.36	   6.23451	   2115.36	   6.04952
   2164.75	    6.4842	   2164.75	   6.15039
   2135.37	   5.98164	   2135.37	   5.81575
   2106.96	   5.89382	   2106.96	   5.66972
   2177.98	   5.43206	   2177.99	   5.42454
    2112.8	   6.41644	    2112.8	   6.08025
   2084.89	   6.01947	   2084.89	   5.60342
   2123.38	   5.81627	   2123.38	   5.50161
   2127.05	   6.05942	   2127.05	    5.8686
   2148.38	   5.87805	   2148.38	   5.76485
   2131.85	   6.57228	   2131.85	    6.2182
   2136.26	   6.02274	   2136.26	   5.99367
   2089.98	   6.66948	   2089.98	   6.42283
   2083.29	   6.11617	   2083.29	   6.34751
   2120.87	   6.05828	   2120.87	   6.13553
   2088.96	   5.93121	   2088.96	   5.47911
   2120.28	   5.52782	   2120.28	   5.55479
   2120.76	   5.90606	   2120.76	   5.76634
   2087.02	   6.07529	   2087.02	   6.04775
   2123.91	   6.53039	   2123.91	   6.40422
   2088.56	   6.59606	   2088.56	   6.16668
   2069.58	   5.67837	   2069.58	   5.59217
   2124.62	   5.91904	   2124.62	   5.75164
   2114.21	   5.94428	   2114.21	   6.07632
   2095.62	   6.02996	   2095.62	   5.61439
   2087.96	   6.28937	   2087.96	   5.80988
   2079.21	    5.7286	   2079.21	   5.67132
    2044.6	   6.18673	    2044.6	   6.13461
   2066.67	   6.12835	   2066.67	   6.10157
   2074.96	   6.00618	   2074.97	   5.73146
    2059.5	   6.33041	    2059.5	   5.96389
   2060.62	   6.13253	   2060.62	   5.86412
   2080.69	   5.85318	   2080.69	   5.68505
   2043.64	   5.86187	   2043.64	   5.99758
   2049.22	   6.24752	   2049.22	   5.84868
   2027.41	    5.7108	   2027.41	   5.56881
   2015.56	   5.71077	   2015.56	   5.71166
   2054.61	   6.24396	   2054.61	   5.98071
   2038.41	   6.21645	   2038.41	   6.11112
   2107.31	   6.19949	   2107.31	   6.04648
   2104.58	   6.36431	   2104.58	   6.31779
   2117.05	   6.12618	   2117.05	   6.02568
   2149.99	    5.7903	   2149.99	   5.36354
   2099.94	   6.38437	   2099.94	   6.18355
   2109.26	   5.80219	   2109.26	   5.86228
   2138.25	   5.87279	   2138.25	   5.85019
   2139.11	   6.60165	   2139.11	   6.30712
   2134.72	   6.52625	   2134.72	   6.35572
   2157.53	   6.35489	   2157.53	    5.9149
   2155.19	   6.67619	   2155.19	   6.36066
   2153.87	    6.0504	   2153.87	    5.7564
   2167.92	    5.7828	   2167.92	   5.35649
   2159.08	   6.27264	   2159.07	   5.90875
   2122.68	   6.51826	   2122.68	   6.03718
   2129.13	   6.98081	   2129.13	   6.60775
   2129.55	   6.10799	   2129.55	   5.84536
    2097.7	   6.05582	    2097.7	   5.70428
   2128.34	   6.13804	   2128.34	   5.84924
    2141.7	   5.18304	    2141.7	   5.15763
   2101.17	   6.42514	   2101.17	   6.17385
    2112.9	   6.12064	    2112.9	   5.96605
   2126.42	   6.27051	   2126.42	   5.98795
   2140.82	   6.30326	   2140.82	   6.10054
   2112.84	   5.74945	   2112.84	   5.86546
   2115.49	   5.97975	   2115.49	   5.93108
   2084.37	   5.42675	   2084.37	   5.31013
   2115.92	   6.11073	   2115.92	   5.98306
   2152.58	   5.56259	   2152.58	   5.56849
   2130.04	   6.29097	   2130.04	   5.95589
   2141.84	   5.54146	   2141.84	   5.42958
   2105.07	    6.2301	   2105.07	   6.07769
   2126.07	   5.80727	   2126.06	    5.8136
   2094.33	   5.77761	   2094.33	   5.66904
   2147.63	   6.23704	   2147.63	   5.97889
    2084.1	   6.48384	    2084.1	   6.05036
   2113.28	   5.52555	   2113.28	    5.6462
   2068.78	   6.55218	   2068.78	   6.04305
   2143.62	   5.90842	   2143.62	   5.54875
    2096.8	   5.90756	    2096.8	    6.0989
   2104.78	   5.89596	   2104.78	   5.56386
   2104.37	   6.10347	   2104.37	   6.02832
   2123.51	   6.14062	   2123.51	   5.96046
    2091.3	    6.3114	    2091.3	   6.08112
   2104.88	   6.37446	   2104.88	   6.09505
   2095.87	   6.40228	   2095.87	   6.14966
    2071.6	   5.71335	    2071.6	   5.79909
   2096.48	   6.44797	   2096.48	   5.90493
   2094.97	   6.16556	   2094.97	   5.95698
   2105.23	   5.84766	   2105.23	    5.7413
   2110.71	   5.94282	   2110.71	   5.83864
   2072.47	   6.14913	   2072.47	    5.8012
   2051.82	    6.0425	   2051.82	   6.09579
   2070.69	   6.20435	   2070.69	   6.07514
   2066.12	    6.2386	   2066.12	   5.92266
   2084.85	   8.07464	   2084.85	   7.85474
   2030.68	   5.78528	   2030.68	     5.557
    2056.8	    5.7272	    2056.8	   5.55693
   2035.16	   6.19769	   2035.16	    5.9312
   2044.09	   5.30401	   2044.09	   5.71228
   2078.64	   5.84513	   2078.64	   5.82004
   2064.14	   6.48929	   2064.14	   6.21195
   2033.98	   5.84556	   2033.98	   5.29551
   2002.46	   6.29328	   2002.46	   5.94944
   2052.73	   5.57018	   2052.73	   5.68487
    2031.8	   6.05169	    2031.8	   5.72262
   2070.79	   5.87138	   2070.79	   5.67831
   2018.58	    5.5662	   2018.58	    5.7064
   2110.49	   5.10185	   2110.49	    5.1702
   2061.52	   5.77888	   2061.52	   5.63916
   2017.05	   5.99015	   2017.05	   5.68463
    2035.1	   6.61853	   2035.09	   6.49467
   2017.06	   5.82504	   2017.06	     6.066
   2003.84	   6.60256	   2003.84	   6.04075
   2012.57	   5.71285	   2012.57	   5.39228
   2053.52	   5.92995	   2053.52	   5.93038
   2048.63	   6.50994	   2048.63	   6.33472
   2003.76	    6.4428	   2003.76	   6.13372
   2045.33	   5.88746	   2045.33	   6.10178
   2019.26	   5.89157	   2019.26	   5.97062
   2032.55	   6.59038	   2032.55	   6.23828
   2024.35	   6.71909	   2024.35	   6.64522
   2037.54	   6.35684	   2037.54	   6.38105
   2039.92	   7.24547	   2039.92	   7.20024
   2016.78	   6.24045	   2016.78	   6.16028
   2008.31	   5.86502	   2008.31	   5.58189
   2055.24	   6.08046	   2055.24	   6.05452
   2021.41	   6.82709	   2021.41	   6.60981
   2028.63	   6.36948	   2028.63	   6.13657
   2035.91	   5.87917	   2035.91	   5.90518
   2015.04	    5.9507	   2015.03	   5.75664
   2070.74	   6.57214	   2070.74	   6.37508
   2018.66	   6.00241	   2018.66	   6.10637
   1983.95	   5.46878	   1983.95	   5.31594
   2016.03	   5.40978	   2016.02	    5.6399
   2017.76	   6.17029	   2017.76	   6.16798
   1989.18	   5.77052	   1989.18	    5.3944
   2025.08	   6.07148	   2025.08	   5.85392
   1995.11	   5.56125	   1995.11	   5.38342
   1984.91	   5.24071	   1984.91	   5.44763
   2000.03	   6.93396	   2000.03	   6.42736
   1996.76	   5.79547	   1996.76	    5.4803
   1994.48	   6.12543	   1994.48	   5.93741
   2007.95	   5.63531	   2007.95	   5.33999
   2034.31	   7.03662	   2034.31	   7.08097
   2017.82	   5.57536	   2017.82	   5.79906
   1975.98	   5.89349	   1975.98	   5.66702
    1996.4	   6.25739	    1996.4	   6.04697
   1996.13	   6.22388	   1996.13	   6.03897
   2003.65	   6.40641	   2003.65	   6.17412
   1987.47	    5.9616	   1987.47	   5.93297
   2003.89	   6.19523	   2003.89	   6.00848
   1960.25	   5.74322	   1960.25	   5.65373
   1987.98	   5.18982	   1987.98	   4.99858
   1971.27	   6.21812	   1971.27	   5.81315
   1972.15	   5.82297	   1972.15	    5.9012
   2002.63	   6.16094	   2002.63	   6.05329
    1954.5	    5.7702	    1954.5	   5.54013
   1968.13	   6.35185	   1968.13	   6.16803
   1973.38	   6.47685	   1973.38	   6.08922
   1914.47	   6.10319	   1914.47	   6.09975
   1933.57	   6.71445	   1933.57	   6.34223
   1902.58	   5.78924	   1902.58	   5.50032
   1924.53	   6.11101	   1924.53	   5.94777
   1962.29	   6.41593	   1962.29	   6.15583
   1928.61	   5.88262	   1928.61	   5.45376
   1926.73	   3.88845	         0	         0
   1940.17	   5.25634	   1940.17	   4.71841
   1926.29	   4.60451	   1926.29	   4.14409
   1913.13	   4.51107	   1913.13	   4.00209
   1949.95	   4.60473	   1949.95	   4.33057
   1922.83	   4.24808	   1922.83	   4.19049
    1961.3	   4.67588	    1961.3	   4.05934
   1940.39	     4.912	   1940.39	   4.36846
   1922.98	   4.21707	   1922.99	   4.12018
      1927	   4.73255	      1927	    4.0939
    1918.2	   4.16492	    1918.2	   3.98768
   1936.16	   4.56932	   1936.16	   4.09916
   1925.19	   4.02512	   1925.19	   3.66898
   1928.11	   5.03145	   1928.11	     4.747
   1948.09	   4.21921	   1948.09	   3.83552
   1934.42	   4.34526	   1934.42	    4.0516
   1949.37	   4.22572	   1949.37	   4.27811
   1925.31	   4.51703	   1925.31	   4.20276
   1954.82	   4.32641	   1954.82	   4.18909
   1964.08	   4.58022	   1964.08	   3.98896
   1965.27	   4.25703	   1965.27	   3.82918
   1958.02	   4.72774	   1958.02	   4.38409
   1966.17	   4.86511	   1966.17	    4.4595
   1945.04	   4.25841	   1945.04	   3.87909
   1938.08	   4.50509	   1938.08	    4.1063
   1972.04	   4.75304	   1972.04	   4.40986
   1978.08	   4.43077	   1978.08	   4.13821
   1980.78	   4.45959	   1980.78	    4.3941
   1955.52	   4.10579	   1955.52	   3.91991
    1977.8	   4.26035	    1977.8	   3.78912
   1958.87	   4.36616	   1958.87	   3.99139
   1988.74	   4.09646	   1988.74	    3.9024
   1973.71	   3.91563	   1973.71	    3.5818
   1984.86	   4.15488	   1984.86	   3.96414
   1966.74	   4.78163	   1966.74	   4.14145
    1992.3	   4.60637	    1992.3	    3.9754
   1976.94	   4.42939	   1976.94	   3.85517
   1966.51	   4.59229	   1966.51	   4.31197
   1992.83	   4.82327	   1992.83	   4.26265
   1966.61	   5.05568	   1966.61	   4.38229
    1969.3	   4.91889	    1969.3	   4.29892
   1963.22	   4.29986	   1963.22	   3.79312
   1953.86	   3.76998	   1953.86	   3.86965
    1976.4	   4.62451	    1976.4	   4.19455
   1988.25	   4.20333	   1988.25	   3.80897
   1973.43	   4.23424	   1973.43	   4.08811
   1976.77	   4.72477	   1976.77	   4.26728
   1982.21	   4.09138	   1982.21	   4.05953
   1978.62	   4.35369	   1978.62	   3.97542
   1993.95	   4.00477	   1993.96	   3.49711
   1993.64	   4.43487	   1993.64	   3.85943
   2003.16	   4.60837	   2003.16	   4.21208
   1995.42	   4.68803	   1995.42	   3.90812
   1974.21	   4.16924	   1974.21	    3.7302
   1983.31	   4.03109	   1983.31	   3.79222
   1999.24	   4.41868	   1999.24	   3.96376
   1992.87	   4.51552	   1992.87	   4.11147
   2009.77	   4.26145	   2009.77	   3.70046
   1988.58	   3.99773	   1988.58	   3.75608
    1999.4	   4.31408	    1999.4	   3.49641
   2003.05	   4.66167	   2003.05	   4.03809
   2023.95	   4.58071	   2023.96	    4.1408
   2031.77	   4.06346	   2031.77	   3.46763
   2004.18	   4.83366	   2004.18	   4.11988
   2005.31	   4.59937	   2005.31	   4.08557
   1981.79	   4.70386	   1981.79	   4.42898
   2006.73	   4.41921	   2006.73	   4.08336
    2013.2	   3.83121	    2013.2	   3.91844
   1984.53	   3.80923	   1984.53	   3.77471
   2016.77	   4.28763	   2016.77	   4.29106
   2016.76	   3.97822	   2016.76	   4.06188
   2000.07	   4.64142	   2000.07	   4.13345
   2008.44	   4.71604	   2008.44	   4.29174
    2015.1	   4.06801	    2015.1	   4.03213
   2042.01	   4.26036	   2042.01	   4.02823
   2025.01	   4.18959	   2025.01	    3.6597
   2023.56	   4.29624	   2023.56	     3.907
   2001.72	   4.88707	   2001.72	   4.40732
   2015.23	   3.93466	   2015.23	   3.81413
    1990.1	   4.65826	    1990.1	   4.30557
   2003.48	   4.73769	   2003.48	    4.2028
   2018.81	   4.44289	   2018.81	   4.06826
   2020.78	   4.20533	   2020.78	   4.01278
   2015.73	   4.23514	   2015.73	   3.96429
   2030.54	   4.25883	   2030.54	   3.51641
   2035.32	   4.52966	   2035.32	   3.79727
   2037.82	   4.45496	   2037.82	   3.70752
   2027.85	   4.55203	   2027.85	   3.90802
    2038.2	   4.54147	    2038.2	   3.85295
   2026.49	   4.50166	   2026.49	    3.8494
   2032.94	   4.38377	   2032.94	   3.92076
   2055.83	   4.32506	   2055.83	   4.05586
   2047.78	   4.00421	   2047.78	    4.0442
   2018.34	   3.92695	   2018.34	   3.97121
   2045.51	   3.99732	   2045.51	    3.7485
    2035.4	   4.37492	    2035.4	   3.61126
   2039.49	   4.45396	   2039.49	    4.1172
   2028.85	   4.69816	   2028.85	   3.87497
   2026.17	   4.34361	   2026.17	   3.66336
   2001.74	   4.52265	   2001.74	   4.07905
   2043.53	   4.23648	   2043.53	   3.96241
    2028.3	   4.53158	    2028.3	   3.92531
   2024.84	   4.56454	   2024.84	   4.08362
   2019.93	   4.27635	   2019.94	   4.16519
   2019.08	   4.11265	   2019.08	   4.03707
   2016.06	   4.39243	   2016.06	   4.20898
   2030.37	   15.2145	         0	         0
   2016.33	   14.8281	         0	         0
   2066.48	   4.67092	   2066.48	   4.08098
   2027.27	   4.46446	   2027.27	   4.09082
   2067.94	   4.36028	   2067.95	   3.76419
   2025.09	   4.50314	   2025.09	   3.80932
   2060.93	   4.49352	   2060.94	   3.91912
   2040.79	   4.29335	   2040.79	   3.73325
   2056.04	   4.40178	   2056.04	   4.36451
    2074.5	    4.0442	    2074.5	   3.57671
   2051.65	   4.37448	   2051.65	   4.30006
    2059.9	   4.36879	    2059.9	   3.94223
   2072.86	   4.48171	   2072.86	   4.25825
   2080.65	   4.34393	   2080.65	   3.82858
   2072.48	   4.32048	   2072.48	   4.08826
   2079.19	   3.96831	   2079.19	   3.88263
    2083.4	   4.01482	    2083.4	   4.01066
    2071.9	   4.57994	   2071.91	   4.01611
   2082.61	   4.42083	   2082.61	   4.07635
   2083.82	   4.15376	   2083.82	    3.7849
   2110.05	   3.45793	         0	         0
   2092.49	   4.76995	   2092.49	   4.03465
   2088.74	   5.05816	   2088.74	   4.51673
   1986.11	   4.17312	   1986.11	   3.65651
   1969.15	    4.3159	   1969.15	   3.42056
   1980.81	   4.44515	   1980.82	   3.79997
   1996.56	   4.54623	   1996.56	   3.70214
   1977.79	   4.32077	   1977.79	   3.61032
   2000.09	   4.29944	   2000.09	   3.19823
   1973.13	   4.80034	   1973.13	   4.05636
   1986.23	   3.87092	   1986.23	   3.54217
   1992.56	   4.39333	   1992.56	   3.60431
   2000.92	   4.53225	   2000.92	   3.63975
   1975.57	   4.28841	   1975.57	   3.66114
   1994.18	   4.43028	   1994.18	     3.326
   1983.52	   4.51112	   1983.52	   3.99868
   1997.15	   4.34376	   1997.15	   3.20883
   1982.54	    4.6541	   1982.54	   4.27398
   2016.14	    4.3539	   2016.14	   3.54744
   2000.52	    4.8009	   2000.52	   4.08912
   1981.05	   4.42724	   1981.05	   4.02616
   1999.63	   4.73015	   1999.63	   3.84214
   2011.28	   4.59913	   2011.28	   4.16676
    1978.7	    4.3784	    1978.7	   3.80771
   1971.77	   4.64943	   1971.78	   3.75049
   1995.99	   4.69791	      1996	    3.6744
   1988.48	    4.3754	   1988.48	   3.71587
    1988.9	    4.6197	    1988.9	   4.31012
   1975.72	   4.28202	   1975.72	   3.65361
   1986.11	   4.09533	   1986.11	   3.56747
   2012.18	   4.03119	   2012.18	   3.61965
   1978.96	   4.61304	   1978.97	   3.87296
   2005.14	   4.72195	   2005.14	   3.95269
   2007.29	   4.32597	   2007.29	   3.69392
   2000.07	   4.55406	   2000.07	   3.71072
   1989.75	   4.74682	   1989.75	   3.82364
   1987.25	   4.24882	   1987.25	   3.82731
   2006.72	    4.5874	   2006.72	   3.83273
   1983.82	   4.56876	   1983.83	   4.14191
   2001.93	    4.1232	   2001.94	   3.21462
   1995.06	   4.53595	   1995.06	   3.60175
   1987.89	   4.04843	   1987.89	    3.4669
   2023.26	   4.32936	   2023.26	   3.78091
   1995.02	   4.80314	   1995.02	   3.89184
   2001.87	   4.57687	   2001.87	   3.82132
    1946.8	   3.89004	    1946.8	   3.43299
   1976.74	   4.40302	   1976.74	   3.75179
   1990.93	   4.63112	   1990.93	   3.84955
   1982.65	   4.06423	   1982.65	   3.66682
   1977.69	    4.5061	   1977.69	   3.56944
   1986.32	   4.01969	   1986.32	   3.70413
   1966.25	   4.70856	   1966.25	   3.94599
   1979.18	    4.5594	   1979.18	   4.05425
   1956.85	   4.41945	   1956.86	   4.02065
   1997.55	   4.51201	   1997.55	   3.65976
   1968.45	   4.44243	   1968.45	   3.62371
   1981.89	   4.40065	    1981.9	   3.91538
   1975.39	    4.4773	   1975.39	   3.44152
   1985.52	   4.45958	   1985.52	   3.89886
    1970.6	   4.96057	    1970.6	   4.39155
   1970.92	    5.0215	   1970.93	   4.31357
   1965.03	   4.35879	   1965.03	   3.86969
   1972.29	   4.75726	   1972.29	   4.00552
    1971.4	   4.51955	    1971.4	   3.67687
   1949.68	   4.61558	   1949.68	   4.12145
   1960.48	   4.47533	   1960.48	   3.79533
   1965.15	   4.59559	   1965.15	   3.59358
   1969.89	   4.42558	   1969.89	    3.8612
   1952.07	   3.71818	   1952.07	   3.23542
   1959.31	   4.38458	   1959.31	   3.59993
   1959.53	   4.70411	   1959.53	    4.1022
   1967.34	   4.98125	   1967.34	   4.30496
   1947.23	   4.21103	   1947.23	   3.70699
   1965.82	   4.85234	   1965.82	   4.23215
   1967.95	   5.07209	   1967.95	    4.5177
   1964.83	   4.83991	   1964.84	   4.21812
   1961.35	   4.35854	   1961.35	   3.65667
   1941.48	   4.96705	   1941.48	   4.40511
   1940.26	   4.44871	   1940.26	   3.85335
   1975.24	   4.82738	   1975.24	   4.08776
   1975.29	   4.39969	   1975.29	   3.61731
    1963.5	    4.8654	    1963.5	   3.97381
   1953.32	   4.59212	   1953.32	     4.015
   1927.05	   4.45333	   1927.05	   3.90332
   1926.42	   4.53539	   1926.42	   3.70452
   1945.83	   4.19032	   1945.83	   3.50485
   1926.92	   4.68061	   1926.92	   4.04318
   1951.44	   3.76314	   1951.44	   3.43079
   1953.97	   4.90913	   1953.97	   4.29975
   1935.29	   4.65637	   1935.29	   3.97286
   1936.43	   4.62179	   1936.43	   4.01296
   1943.36	   4.52668	   1943.36	   4.17994
   1936.85	   4.70153	   1936.86	   4.10445
   1931.54	   4.59757	   1931.54	   3.46849
   1930.96	   4.61304	   1930.97	   4.00417
   1958.86	   4.65889	   1958.87	   4.01052
   1954.24	   4.14614	   1954.24	   3.58673
   1943.27	   4.57563	   1943.27	   3.87598
   1940.77	   4.43423	   1940.77	   3.57619
    1952.9	   4.51852	    1952.9	   4.35755
   1953.77	   4.09794	   1953.77	   3.70871
   1941.74	   4.74205	   1941.74	   4.18827
    1952.7	   3.94784	    1952.7	   3.30771
   1919.27	   4.36805	   1919.27	   4.20884
   1948.76	   3.82264	   1948.76	   3.30761
    1965.4	   4.44782	    1965.4	   3.63111
    1966.4	   4.74677	    1966.4	   3.91007
   1959.87	   4.47262	   1959.88	   3.87616
   1964.04	   4.36505	   1964.04	   3.83528
   1955.07	   4.03752	   1955.07	   3.64151
   1963.65	    4.7363	   1963.65	   4.13813
   1962.63	   4.80446	   1962.63	    4.2162
   1984.23	    4.0832	   1984.23	   3.55412
   1973.07	   4.21421	   1973.07	   3.48358
   1955.15	   4.09852	   1955.15	   3.43906
   1960.69	   4.47533	   1960.69	   3.62184
   1956.16	   4.36227	   1956.16	   3.79188
   1955.22	   4.53114	   1955.22	   4.02536
   1953.93	   4.54964	   1953.94	   3.92545
    1958.7	   4.78771	    1958.7	   4.04186
    1967.2	   4.55506	    1967.2	    3.8874
   1966.26	   5.07379	   1966.26	   4.14897
   1983.36	   4.03855	   1983.36	   3.50301
   1975.71	   4.68457	   1975.71	    3.9992
   1966.57	   5.09345	   1966.57	   4.39805
   1946.75	   4.54593	   1946.75	   4.08355
   1994.91	   4.73071	   1994.92	   3.84418
    1988.4	   4.11874	    1988.4	   3.85276
   1989.66	   4.33564	   1989.66	   3.53467
   1990.65	   6.72368	         0	         0
   1989.98	    6.4815	         0	         0
   2059.66	   4.58573	   2059.66	   4.14186
   2028.17	   5.02166	   2028.17	   4.22507
   2024.54	   4.02409	   2024.54	   3.32933
   2033.91	   4.94723	   2033.92	    4.2503
   2046.78	   4.25758	   2046.78	    3.8199
   2041.97	   4.46304	   2041.97	   3.92755
   2031.45	   5.21512	   2031.45	   4.55975
   2046.72	   4.53451	   2046.72	   4.08712
   2029.55	   5.05015	   2029.55	    4.6555
   2028.94	   4.72366	   2028.94	   3.90736
   2026.59	   4.22199	   2026.59	   3.28381
   2042.05	   4.11859	   2042.05	   3.57648
   2038.42	   4.55308	   2038.42	   3.86738
   2040.91	   3.75744	   2040.92	    2.7744
   2045.96	   4.05222	   2045.96	   3.58971
   2068.75	   4.44307	   2068.75	    3.9003
    2079.1	   4.10845	    2079.1	    3.9844
   2069.62	   4.32576	   2069.62	   3.63562
   2083.71	   4.58043	   2083.71	   4.24748
   2091.94	   4.18143	   2091.95	   3.45859
   2089.16	   4.29454	   2089.16	    3.5044
   2086.75	   7.00052	         0	         0
   2103.82	   7.56939	         0	         0
   2085.38	   7.41814	         0	         0
   2092.48	   7.34869	         0	         0
   2095.86	   7.34917	         0	         0
   2084.68	    4.1207	   2084.68	   3.61591
   2090.08	   4.87982	   2090.08	    4.2011
   2120.16	   4.56932	   2120.16	   4.15335
   2092.52	   4.56483	   2092.52	   3.52419
   2086.04	   4.19605	   2086.04	   3.70131
   2067.97	   4.28144	   2067.97	   3.58306
   2068.48	   4.62552	   2068.48	    4.0279
   2072.93	   3.91108	   2072.93	   3.37727
   2078.45	   4.03016	   2078.45	   3.55897
   2065.19	   4.32228	   2065.19	   3.97065
    2100.2	   4.49252	    2100.2	   3.99202
   2059.55	   4.58493	   2059.55	   3.98263
   2099.34	   4.59941	   2099.34	   3.78633
   2050.99	   4.68022	      2051	   4.24752
   2066.85	   4.56047	   2066.85	   3.95328
   2063.51	   4.49272	   2063.51	   3.61796
   2053.69	   4.10459	   2053.69	   3.69113
   2063.52	   4.61682	   2063.52	    3.8553
   2039.52	   4.61682	   2039.52	     3.901
   2048.18	    3.8839	   2048.18	   3.96581
   2069.37	   4.18433	   2069.37	   3.81934
   2055.28	      4.55	   2055.28	   4.06355
   2059.83	   4.55592	   2059.83	   3.98967
   2068.91	   2.30727	         0	         0
   2049.01	   4.31253	   2049.01	   4.04294
    2071.2	   4.42887	    2071.2	   3.49124
   2076.88	   3.95839	   2076.88	   3.56905
   2075.91	   4.13257	   2075.92	   3.92874
   2082.73	   3.87809	   2082.73	   4.11408
   2082.67	   3.53526	   2082.67	   3.61908
   2113.34	   4.10689	   2113.34	   3.68353
   2087.57	   4.15509	   2087.57	    3.4741
   2075.01	   3.90528	   2075.01	   3.17357
   2084.42	   3.98324	   2084.42	   3.76994
   2099.86	   4.45416	   2099.86	   3.86655
   2092.07	   4.81153	   2092.07	   4.00251
   2065.16	   4.29318	   2065.16	   3.46088
   2105.75	   4.14767	   2105.75	   3.46193
   2085.06	   4.07122	   2085.06	   3.98561
   2111.32	   4.14987	   2111.32	   3.94129
   2095.69	   4.49046	   2095.69	   4.03051
    2107.9	   4.16143	   2107.91	   3.78785
   2076.16	   3.76899	   2076.16	   3.45234
   2091.43	   4.46465	   2091.43	   3.66694
   2128.29	   4.41963	   2128.29	   3.37521
   2116.44	   4.11462	   2116.44	   3.60344
   2114.77	   3.89457	   2114.77	   3.53708
   2111.83	   4.67353	   2111.83	   4.34364
   2122.22	   4.69294	   2122.22	   4.01765
   2112.18	    4.0459	   2112.18	   3.74665
   2119.43	   4.32814	   2119.43	   3.80292
   2072.37	   4.46791	   2072.37	   4.08846
      2092	   4.85364	      2092	   4.05304
   2103.86	   4.50814	   2103.86	   4.00902
   2092.93	   4.49352	   2092.94	   3.70177
   2089.65	   4.62644	   2089.65	   4.22065
   2096.92	      4.79	   2096.93	   4.05591
   2086.99	   4.04435	      2087	   3.79185
   2089.04	   4.60319	   2089.04	   4.15674
   2079.79	   3.44341	   2079.79	   3.04043
   2059.16	   4.30721	   2059.16	   3.61534
   2066.01	   4.92557	   2066.01	   4.18148
   2090.55	   4.67878	   2090.55	   4.08555
   2071.71	   4.58952	   2071.71	   3.94545
   2061.94	   4.75711	   2061.95	   4.06227
   2058.39	   4.91814	   2058.39	   4.01682
   2069.07	   4.71827	   2069.07	   3.81012
   2054.63	   4.39976	   2054.63	   4.01665
   2063.36	   4.50959	   2063.36	   3.76916
   2065.26	   4.37639	   2065.26	   3.78246
   2082.41	   4.38946	   2082.41	   4.00101
   2082.65	   3.97756	   2082.65	   3.35782
    2062.3	   3.93024	    2062.3	   3.20673
   2074.99	  0.974499	         0	         0
    2071.3	   4.69229	    2071.3	   4.06461
   2066.09	   4.74397	   2066.09	   4.08578
   2058.77	    4.5748	   2058.77	   3.97108
   2085.05	   4.46009	   2085.05	   3.99832
   2078.26	   4.26445	   2078.26	   3.86413
   2097.26	   2.60453	         0	         0
   2105.86	   4.39068	   2105.86	   3.66285
   2085.03	   3.98923	   2085.03	   3.81851
   2093.95	   4.72755	   2093.96	   3.98244
   2113.28	    4.0853	   2113.28	   3.70313
   2104.14	   4.07735	   2104.14	   3.65215
   2103.36	   4.28093	   2103.36	   3.34387
   2114.69	   4.22584	   2114.69	   3.93988
    2099.7	   4.58855	    2099.7	   3.59857
   2111.44	   4.01134	   2111.44	    3.9202
   2113.38	   4.32286	   2113.38	   3.84001
   2122.01	   4.52797	   2122.01	   3.69537
   2121.02	   4.58255	   2121.02	   4.05037
   2123.45	   4.54364	   2123.45	   3.75736
   2119.03	   4.59127	   2119.03	   3.81554
   2125.35	   4.73434	   2125.35	   3.86261
   2112.39	   4.26357	   2112.39	   3.98069
   2122.11	   4.48212	   2122.11	   4.01709
   2157.57	   4.79889	   2157.57	   4.09648
   2122.79	   4.45556	   2122.79	   3.82261
   2125.52	   4.82594	   2125.52	    3.7666
   2117.39	   4.56401	   2117.39	   4.18652
   2159.52	   2.79419	         0	         0
   2052.82	   5.31353	   2052.82	   5.06579
   2046.83	    6.3591	   2046.83	   6.10096
   2066.94	   7.32047	   2066.94	   6.84409
   2102.25	   7.00303	   2102.25	   6.74698
   2088.64	   6.89875	   2088.64	   6.75839
   2041.55	   6.98142	   2041.55	     6.747
   2051.62	   6.44847	   2051.62	   6.22008
   2106.05	   5.09586	   2106.05	    4.6696
   2110.11	   5.03733	   2110.11	   5.00726
   2119.52	   5.35836	   2119.52	   5.11484
    2135.9	   5.25815	    2135.9	   5.07407
   2137.34	   5.66947	   2137.34	   5.35101
   2099.74	     6.252	   2099.74	   5.48623
   2105.76	   5.58754	   2105.76	   5.26318
   2119.48	   5.78755	   2119.48	   5.53387
   2125.79	   5.43353	   2125.79	       5.1
   2122.38	   5.53279	   2122.38	   5.14336
   2084.57	   5.16594	   2084.57	   4.74526
   2145.61	   5.83621	   2145.61	   5.58547
   2084.22	   5.77584	   2084.22	   5.37301
   2108.88	   5.25056	   2108.88	   5.19079
   2115.15	   5.59198	   2115.15	   5.47767
   2145.43	   5.63185	   2145.43	   5.51923
   2101.85	   5.66918	   2101.85	   5.16615
   2131.87	   5.83391	   2131.87	   5.37727
   2173.01	   4.91791	   2173.01	    4.9219
   2098.51	   6.09131	   2098.51	   5.62607
   2136.66	   5.79454	   2136.66	   5.39463
   2079.28	   5.68158	   2079.28	   5.48078
   2140.82	    5.6323	   2140.82	   5.54862
   2164.59	   5.97617	   2164.59	   5.50308
   2112.11	   5.69826	   2112.11	   5.46969
    2144.8	   5.67076	    2144.8	   5.44198
   2115.15	   6.03194	   2115.15	   5.84415
   2111.47	   5.23258	   2111.47	   5.23448
   2118.26	   5.70767	   2118.26	   5.30067
   2138.36	   5.89777	   2138.36	   5.59235
   2154.85	   6.21252	   2154.85	   5.97783
   2136.33	   6.02623	   2136.33	   5.52759
   2150.64	   5.67058	   2150.64	   5.38253
    2136.2	   6.23492	    2136.2	   5.55533
   2133.43	   6.10125	   2133.43	   5.66625
   2161.13	   5.92239	   2161.13	   5.44453
   2115.29	   5.42221	   2115.29	   5.57042
   2135.35	    6.0861	   2135.35	   5.59277
   2117.65	   5.99165	   2117.65	   5.60529
   2131.14	   6.32588	   2131.14	   6.04195
    2119.8	   6.79652	    2119.8	    6.4336
   2149.46	     6.092	   2149.46	   5.76932
   2119.34	   5.77311	   2119.34	    5.3711
   2107.02	   5.86315	   2107.02	   5.69784
   2135.37	   6.06175	   2135.37	   5.73698
   2094.26	   5.75677	   2094.26	    5.1382
   2144.59	   6.02592	   2144.59	   5.81113
   2099.53	   6.22024	   2099.53	   6.19565
   2156.69	   6.37587	   2156.69	   6.12125
   2088.02	   6.51551	   2088.02	   6.05603
   2139.25	   6.26084	   2139.25	   5.94706
   2086.47	   5.72028	   2086.47	   5.66484
   2149.31	   5.87375	   2149.31	   5.79378
   2126.64	   6.39789	   2126.64	   5.70928
   2071.42	   6.19188	   2071.42	    5.8726
   2094.63	   6.17723	   2094.63	   5.77484
   2079.42	   5.69774	   2079.42	   5.64189
   2103.63	   6.29797	   2103.63	    6.1704
   2072.35	   6.21531	   2072.35	   5.86999
   2111.04	   5.97766	   2111.03	    5.5613
   2122.96	   7.13219	   2122.96	   6.61939
   2131.47	   5.82817	   2131.47	   5.24991
    2122.6	   6.68037	    2122.6	   6.25967
   2145.27	   6.10827	   2145.27	   5.73053
   2139.11	     5.484	   2139.11	    5.3681
   2078.14	   5.70477	   2078.14	   5.73371
   2097.88	   5.46947	   2097.88	   5.19964
   2091.11	   6.19068	   2091.11	   5.61999
   2112.38	   5.77107	   2112.38	   5.71683
   2099.06	   6.06509	   2099.06	   5.68321
    2103.9	   6.26957	    2103.9	   5.95531
   2123.39	    6.0144	   2123.39	   5.77081
   2084.47	   6.23316	   2084.47	   6.05082
   2139.98	   6.04835	   2139.98	   5.66647
   2132.84	   6.23004	   2132.84	     5.749
   2117.85	   5.91033	   2117.85	   5.66211
   2105.77	   6.14638	   2105.77	   5.77006
   2109.74	   5.81582	   2109.74	   5.50504
    2076.8	   5.87275	    2076.8	   5.70689
   2072.76	   5.81624	   2072.76	   5.53356
    2105.3	   5.79096	    2105.3	     5.566
   2066.11	   5.94015	   2066.11	   5.31184
   2078.17	    6.1483	   2078.17	   5.77136
   2043.79	   6.31149	   2043.79	   6.07775
   2110.92	   5.87725	   2110.92	   5.79629
   2119.87	   5.79577	   2119.87	   5.36558
   2098.67	   5.88746	   2098.67	   5.34486
   2100.76	   6.31717	   2100.76	   6.21585
   2051.31	   5.86631	   2051.31	    5.7277
   2068.04	     6.537	   2068.03	   5.99875
   2059.35	   6.22972	   2059.35	      5.83
    2056.3	   5.97419	    2056.3	   5.78294
   2082.93	   5.26867	   2082.93	   4.98752
   2083.86	   5.99008	   2083.86	   5.80009
   2074.94	   6.52489	   2074.94	   6.06579
   2088.51	   5.82997	   2088.51	   5.37173
    2080.6	   5.49446	    2080.6	   5.25609
   2072.47	   6.43035	   2072.47	   6.04425
   2095.88	   6.26272	   2095.88	    5.6141
   2076.17	   5.51024	   2076.17	   5.48179
   2127.75	   6.78897	   2127.75	   6.37557
    2077.2	   7.82836	    2077.2	   7.62078
    2050.3	   6.33032	    2050.3	   6.20206
   2078.59	   5.69494	   2078.59	   5.83523
    2077.1	   5.91446	    2077.1	   5.80547
   2073.58	   6.04861	   2073.58	   6.02263
    2124.8	   5.87275	    2124.8	   5.41919
   2076.08	   5.86912	   2076.08	   5.58921
   2104.78	   5.95026	   2104.78	    5.5895
   2073.65	   6.01647	   2073.65	   5.85459
   2095.31	   6.19949	   2095.31	   5.77086
   2063.41	   6.52602	   2063.41	   6.11949
   2095.19	   6.18481	   2095.19	    5.4094
   2044.82	   6.22626	   2044.82	    5.7425
   2059.13	   5.99564	   2059.13	   5.88768
   2058.09	   5.94047	   2058.09	   5.85897
    2086.3	   5.80353	    2086.3	    5.6359
   2084.74	   5.86701	   2084.74	   6.00344
   2066.28	   5.93126	   2066.28	   5.48087
   2089.02	    6.3984	   2089.01	    5.6522
   2086.94	   6.10889	   2086.94	    6.1623
   1949.58	   6.43693	   1949.58	   5.91624
   1968.27	   6.53454	   1968.27	   5.96866
   1959.95	   8.04497	   1959.95	   7.78079
   1948.93	   8.72648	   1948.93	   8.34981
    1934.7	   6.61919	    1934.7	   6.03462
    1942.4	    6.3723	    1942.4	   5.92781
   1982.69	   6.04684	   1982.69	   5.63384
   1967.07	   6.84796	   1967.07	   6.48617
   1962.02	   6.53553	   1962.02	   6.10294
    1947.5	   7.88063	    1947.5	   7.24265
   1911.48	   6.81511	   1911.48	   6.55042
   1910.28	   6.80555	   1910.28	   6.13451
   1960.78	   6.62236	   1960.78	   6.09113
   1931.84	   6.47021	   1931.84	   6.19079
   1891.58	   5.50075	   1891.58	   5.10178
   1935.56	   6.69549	   1935.56	   6.37563
   1943.53	    6.9179	   1943.53	    6.6573
   1934.37	   6.73893	   1934.37	   6.29478
   1891.87	    6.4771	   1891.87	   6.00956
   1910.47	    6.3845	   1910.47	   6.12746
   1907.62	   6.19409	   1907.62	   5.81929
   1940.96	   6.42496	   1940.96	   5.98438
   1992.56	   6.78829	   1992.56	   6.39942
   1909.98	   6.58456	   1909.98	   6.20744
   1917.86	   6.04841	   1917.86	   6.02176
    1912.3	   6.57638	    1912.3	   6.19876
   1903.17	      7.52	   1903.17	   7.14724
   1954.14	   6.20587	   1954.14	   5.83184
   1945.33	   6.12726	   1945.33	   5.88632
   1950.19	   6.28355	   1950.19	   5.88718
   1914.18	   5.88563	   1914.18	   5.83073
   1908.79	   6.13915	   1908.79	   5.78863
   1962.83	   6.37488	   1962.83	   5.73764
    1944.7	   6.25003	    1944.7	   5.85139
   1929.38	   6.19449	   1929.38	   5.98322
   1957.73	   6.82365	   1957.73	   6.53475
   1983.24	    6.1128	   1983.24	   5.87127
      1940	   6.83473	      1940	   6.42232
   1983.04	   6.66452	   1983.04	   6.24087
   1951.21	   6.59074	   1951.21	    6.4676
    1985.3	   6.79895	    1985.3	    6.4344
   1944.98	   6.38502	   1944.98	    5.7768
   1922.31	   6.76872	   1922.31	   6.62465
   1930.27	   6.63679	   1930.27	    6.3899
   1974.98	   6.99207	   1974.98	   6.41642
   1962.01	    6.9557	   1962.01	   6.59982
    1906.5	   6.84125	    1906.5	   6.74658
   1929.81	   7.07218	   1929.81	    6.3788
   1958.48	   6.25209	   1958.48	   6.09582
   1937.44	   6.74778	   1937.44	   6.38031
   1922.18	   6.69114	   1922.18	   6.54535
   1929.27	   5.99428	   1929.27	   5.69155
   1953.52	   6.20692	   1953.52	   5.69345
   1923.06	   6.41303	   1923.06	   6.02519
   1903.36	   6.88124	   1903.36	    6.4718
    1920.4	   6.86431	    1920.4	    6.5527
   1906.92	   6.54006	   1906.92	   6.26376
   1939.42	   1.76564	         0	         0
   1944.38	   6.81254	   1944.38	   6.19439
   1945.01	   6.18841	   1945.01	   6.18841
   1910.81	   6.53099	   1910.81	   5.88334
   1925.06	   6.35004	   1925.06	   5.95809
   1938.83	    7.2186	   1938.83	   6.89969
   1930.06	   6.66924	   1930.06	   6.49827
   1962.48	   6.44953	   1962.48	   6.32364
   1929.02	   6.44846	   1929.02	    6.1157
   1900.38	   7.29966	   1900.38	   7.09864
   1927.52	   6.88224	   1927.52	   6.59591
   1941.46	   5.95856	   1941.46	   5.59675
   1943.68	   6.53226	   1943.68	   6.22986
   1908.42	   5.98009	   1908.42	   5.61966
   1932.59	   6.80306	   1932.59	   6.51324
   1972.04	   6.37192	   1972.04	   5.98141
    1951.9	   6.61276	    1951.9	   6.41527
   1929.71	   6.80345	   1929.71	   6.61166
   1948.76	   6.81316	   1948.76	   6.44943
   1964.93	   6.89408	   1964.93	   7.00974
   1891.73	   6.07238	   1891.73	   5.65691
   1886.94	   6.35404	   1886.94	   5.98504
   1933.48	   6.73909	   1933.48	   6.03409
   1923.64	   6.51166	   1923.64	   6.25985
   1906.15	   6.05991	   1906.15	   5.67626
   1933.24	   6.44727	   1933.24	    5.9003
   1874.15	   6.74871	   1874.15	   6.30525
   1901.83	   6.22129	   1901.83	   6.14326
   1914.08	   19.6127	         0	         0
   1919.03	   5.92279	   1919.03	    5.5875
   1889.22	   6.11747	   1889.22	   5.64856
   1911.41	   6.70229	   1911.41	   6.48276
   1943.94	   6.75757	   1943.94	   6.56444
   1870.57	   6.51856	   1870.57	   6.08476
   1902.55	   6.36428	   1902.55	   6.10638
   1916.45	    5.6955	   1916.45	   5.83496
    1887.9	   6.21151	    1887.9	   5.83353
   1903.35	   6.37062	   1903.35	     6.113
   1909.93	   6.85204	   1909.93	   6.46566
   1918.77	   6.92995	   1918.77	   6.74176
    1878.1	   6.44037	    1878.1	   6.33971
   1920.69	   6.14739	   1920.69	      5.88
   1904.47	   8.71768	   1904.47	   8.26313
   1926.53	   5.90741	   1926.53	   5.71369
   1898.83	   5.68131	   1898.83	   5.47533
   1925.96	   6.17487	   1925.96	   5.98981
    1915.3	    6.9273	    1915.3	   6.81025
   1925.59	   6.73184	   1925.59	   6.46374
   1930.68	   7.20567	   1930.68	    6.9327
   1924.88	   6.75713	   1924.88	   6.41532
   1962.98	   6.02297	   1962.98	   5.80545
   2018.07	   5.94073	   2018.07	   5.66524
   1943.75	   6.24598	   1943.75	   5.95605
   1956.53	   6.29251	   1956.53	   6.36871
   1935.69	   6.72679	   1935.69	   6.12626
   1951.46	   6.44318	   1951.46	   6.39307
   1964.21	   6.48444	   1964.21	   5.99479
   1999.79	   6.10426	   1999.79	   5.66846
   1957.15	   6.50337	   1957.15	   6.30246
   1971.38	   5.99999	   1971.38	   5.61225
   1979.89	   5.82387	   1979.89	   5.59862
   1994.44	   6.02719	   1994.44	   5.41004
    1977.1	   6.13376	    1977.1	    5.8931
   2031.69	   6.19178	   2031.69	   5.70609
   1984.68	   5.88176	   1984.68	   5.90903
    1957.2	   6.43833	    1957.2	   6.26105
   1951.37	   5.85942	   1951.37	   5.91405
   1957.82	   7.12187	   1957.82	   6.82203
   1973.47	   6.99301	   1973.47	   6.73532
   1976.36	   5.79982	   1976.36	   5.57361
   1964.12	   6.83367	   1964.12	   6.37091
   2068.59	   6.61474	   2068.59	    6.3168
    2067.3	   8.13174	    2067.3	   7.62175
   2143.21	   6.51652	   2143.21	   6.24397
   2089.69	   6.71333	   2089.69	   6.59347
   2086.11	   6.31245	   2086.11	   6.10624
   2111.89	   6.89832	   2111.89	    6.6142
   2071.37	   6.16695	   2071.37	    5.7632
   2102.63	   5.87141	   2102.63	   5.70622
   2122.52	   6.82209	   2122.52	   6.26025
   2139.99	   6.41605	   2139.99	   6.39546
   2115.24	   6.11671	   2115.24	   5.96043
   2145.97	   5.69575	   2145.97	   5.29156
    2119.4	   6.02492	    2119.4	   5.83894
   2127.08	    6.0781	   2127.08	   5.72818
   2130.92	   6.40111	   2130.92	    6.1751
   2135.79	   7.24834	   2135.79	   6.84139
   2157.34	   6.28808	   2157.34	   6.00591
   2121.18	   6.13192	   2121.18	   5.97635
   2137.27	    6.1607	   2137.27	    5.8163
   2102.49	   6.07976	   2102.49	   5.67067
   2164.97	   6.48338	   2164.97	   6.05313
   2118.75	   5.95246	   2118.75	   5.70805
   2138.88	    8.0327	   2138.88	   8.05624
   2141.56	   5.96218	   2141.56	   5.83081
   2113.62	   6.02329	   2113.62	   5.97311
   2143.12	   6.95936	   2143.12	   6.87066
   2089.07	   5.95292	   2089.07	   5.78969
   2138.53	   6.41316	   2138.53	   6.10952
   2090.32	   6.63933	   2090.32	   6.11066
   2116.95	   6.28094	   2116.95	   6.28439
   2098.37	   6.68803	   2098.37	   6.08498
   2097.36	   6.16754	   2097.36	   5.84763
   2120.09	   6.17271	   2120.09	   6.12409
   2129.05	   6.43116	   2129.04	   6.10162
   2113.99	   6.43326	   2113.99	   6.20589
   2090.52	   6.43391	   2090.52	   5.83195
   2099.44	   6.29627	   2099.44	   5.79212
   2066.03	   6.61801	   2066.03	   6.11323
   2074.15	   5.90536	   2074.15	   5.74037
   2081.59	   5.89652	   2081.59	   5.81504
   2088.14	   6.75637	   2088.14	   6.28893
   2108.23	   5.34506	   2108.23	   5.16323
    2119.8	    6.1046	    2119.8	    6.0288
   2094.21	    6.1092	   2094.21	   5.70199
    2097.4	   6.96713	    2097.4	   6.53968
   2068.85	   6.12712	   2068.85	   5.69231
   2063.25	   6.32095	   2063.25	   5.95415
   2106.42	   6.11012	   2106.42	   6.05877
   2087.32	   6.03691	   2087.32	   5.84854
   2106.21	   5.99143	   2106.21	   5.77431
    2084.3	   6.01777	    2084.3	   5.85622
   2112.46	   5.39047	   2112.46	   5.39235
   2127.56	   6.27393	   2127.56	   5.77076
   2082.68	   5.85549	   2082.68	   5.63247
   2105.48	   6.26175	   2105.48	   5.94712
   2081.97	   5.78154	   2081.97	   5.83782
   2078.54	   5.95856	   2078.54	   5.79521
    2102.9	   6.37796	    2102.9	   6.01607
   2094.77	   5.98357	   2094.77	   5.42085
   2130.06	   7.20392	   2130.05	   6.95775
    2073.5	   6.63126	    2073.5	   6.23184
    2111.7	   6.43425	    2111.7	   6.48558
   2083.96	   5.95112	   2083.96	    5.7877
   2107.98	   6.17985	   2107.98	   5.63713
   2091.09	    7.9304	   2091.09	    7.8906
    2100.7	   5.99787	    2100.7	   5.10109
   2085.37	    6.4271	   2085.37	   6.30169
   2094.15	   6.65736	   2094.15	   6.38727
   2103.23	   6.36351	   2103.23	   5.55548
   2108.65	   5.92261	   2108.65	   5.89701
   2111.68	   5.88502	   2111.68	   5.74851
   2089.97	     6.045	   2089.97	   5.88435
   2090.21	   5.91529	   2090.21	   5.58073
   2081.74	   5.88112	   2081.74	    5.6306
   2099.24	   5.80652	   2099.24	   5.34659
   2045.53	   5.94768	   2045.53	   5.34987
   2082.32	   6.06142	   2082.32	    6.1675
   2092.45	    6.4224	   2092.45	    5.9288
   2050.34	   6.48956	   2050.34	   6.18507
   2044.35	   5.93744	   2044.35	    5.8281
   2080.11	   6.08052	   2080.11	   5.92057
    2106.6	   5.41765	    2106.6	   5.17653
   2080.29	   5.52003	   2080.29	    5.5789
   2075.02	   5.60642	   2075.01	    5.4619
   2087.57	   6.09955	   2087.57	   5.69147
   2032.22	   6.24729	   2032.22	    5.8759
   2114.22	   5.91152	   2114.22	   5.46088
   2046.51	   5.94985	   2046.51	   6.13612
   2041.51	   6.18992	   2041.51	   5.70318
    2056.5	   5.70539	    2056.5	   5.44583
   2056.15	    5.8849	   2056.15	   5.37058
   2044.21	   6.03489	   2044.21	   5.76227
   2066.46	   5.80348	   2066.46	   5.37234
   2061.22	   5.87956	   2061.22	   5.27403
   2099.09	   5.79445	   2099.09	   5.39344
   2015.86	   5.72575	   2015.86	   5.40801
    2082.1	   5.65249	    2082.1	   5.62493
   2064.07	   5.59933	   2064.07	   5.42428
   2085.02	   5.86059	   2085.01	   5.58051
   2040.65	   5.87092	   2040.65	   6.05962
   2068.28	   6.00178	   2068.28	   5.38073
   2039.51	   5.88659	   2039.51	   5.34242
   2040.11	   6.32677	   2040.11	   5.90612
   2091.72	   5.97492	   2091.72	   5.78465
   2078.22	   5.58835	   2078.22	   5.38404
   2054.81	    5.7789	   2054.81	    5.4936
   2105.68	   5.96784	   2105.68	   5.99624
   2095.11	    5.9759	   2095.11	   5.20027
   2095.86	   6.10629	   2095.86	   5.72706
   2075.62	   6.14553	   2075.62	   6.06724
   2080.06	   5.49796	   2080.06	   5.41043
   2109.29	   5.47203	   2109.29	   5.44433
   2100.39	   5.66139	   2100.39	   5.06316
    2035.2	   5.73421	    2035.2	   5.20502
   2063.09	   6.47591	   2063.09	   5.84969
   2100.66	    5.6535	   2100.66	   5.14891
   2072.44	   5.10885	   2072.44	   5.07803
   2093.03	   5.74101	   2093.02	     5.089
    2112.1	   5.69845	    2112.1	   5.32086
   2097.17	   5.85998	   2097.17	   5.40454
   2106.43	   5.77242	   2106.43	   5.27937
   2096.05	   6.05482	   2096.05	   5.61517
   2100.01	   6.15054	      2100	   5.45942
   2066.81	   5.83773	   2066.81	   5.34955
   2134.29	   5.49605	   2134.29	   5.20045
   2058.28	   5.14525	   2058.28	   4.51254
   2119.37	   5.19832	   2119.37	   4.75025
   2072.22	   3.48887	         0	         0
